 15646
 4401
 10508
 12103
 17138
 3556
 12746
 823
 12007
 4631
 10241
 2510
 7455
 5773
 7118
 2707
 12834
 1016
 8440
 8597
 18576
 221
 14240
 9335
 14193
 19853
 3389
 15899
 18301
 8775
 17958
 17929
 374
 2323
 4770
 19010
 7468
 10088
 7968
 1662
 8412
 8624
 11144
 19222
 17079
 216
 3440
 17364
 3909
 8494
 7286
 17885
 4433
 18347
 7540
 10173
 4438
 11154
 3954
 8222
 11753
 7073
 15532
 9506
 10681
 1563
 3260
 11771
 1677
 6280
 14834
 4788
 6169
 852
 13322
 17297
 17390
 12179
 3041
 5977
 8023
 7486
 16963
 19761
 9641
 14995
 18282
 13029
 12454
 17913
 10095
 18449
 5205
 18862
 16793
 13803
 1231
 16706
 16532
 7058
 2381
 12423
 12960
 5506
 3220
 19513
 14597
 12437
 14507
 17815
 14602
 6852
 8105
 4431
 1552
 4117
 2724
 14714
 1978
 2766
 7260
 5789
 1260
 3849
 14226
 1830
 12549
 16972
 14033
 16301
 19815
 3922
 1754
 9523
 4633
 1580
 13036
 7736
 18259
 7145
 10568
 2137
 12644
 8332
 17782
 17353
 3650
 2261
 14166
 4270
 17835
 13335
 12966
 19738
 13134
 15396
 1512
 12074
 7681
 8343
 19536
 263
 1834
 18313
 6258
 3004
 16264
 2571
 3534
 14515
 14415
 2982
 19477
 16821
 3465
 16302
 6960
 11355
 2546
 7462
 11049
 2268
 7151
 3300
 4470
 6644
 4453
 775
 12218
 14801
 16359
 6600
 4540
 17505
 16647
 13567
 2030
 6882
 10208
 18045
 18193
 14061
 2814
 13064
 3063
 10803
 14345
 10217
 6796
 11990
 9127
 3052
 1270
 2276
 11767
 8234
 3517
 11062
 7004
 1655
 3071
 6015
 8995
 297
 5582
 11215
 657
 5705
 13975
 4315
 11403
 16795
 3370
 10608
 16691
 13613
 11623
 6851
 9344
 4657
 9609
 13922
 4651
 13311
 5031
 16762
 7572
 6977
 11417
 13171
 2307
 6513
 5722
 18472
 3159
 3620
 11179
 6540
 16819
 272
 18459
 12131
 15142
 15751
 18702
 13650
 9212
 430
 13869
 9299
 846
 3973
 929
 13895
 10444
 13044
 8379
 10021
 603
 9319
 13368
 4835
 15782
 16561
 15395
 16883
 19024
 13382
 874
 15890
 2699
 1578
 2595
 3842
 10989
 10752
 4138
 3779
 3360
 6224
 18804
 5959
 8943
 5438
 4160
 2774
 17285
 11247
 12519
 3130
 13200
 19279
 19679
 2045
 11920
 2285
 6628
 23
 15311
 19863
 17195
 8354
 9779
 12777
 8497
 19963
 10665
 15580
 13822
 11467
 9246
 1336
 17223
 14027
 5610
 3486
 13854
 12001
 5465
 15032
 1439
 2677
 10959
 17671
 11562
 10517
 6288
 6270
 17866
 17501
 6268
 6277
 12633
 9857
 8732
 18942
 14576
 9468
 12565
 6119
 3953
 8419
 9770
 14356
 4057
 2547
 1118
 19778
 7628
 13284
 10659
 5609
 15256
 2465
 9586
 19198
 4717
 10587
 3978
 15957
 7802
 13388
 5454
 13488
 3587
 18928
 1127
 12286
 6691
 9637
 371
 69
 16278
 7387
 16864
 11529
 18925
 13832
 10671
 5628
 11952
 15556
 94
 14032
 6760
 2642
 13156
 10240
 1973
 2188
 4022
 16205
 3376
 2826
 16002
 9958
 18873
 1266
 10643
 3845
 18287
 8914
 6017
 3352
 15030
 12726
 10701
 1236
 15107
 10050
 4601
 7865
 999
 5373
 9915
 5668
 6385
 16353
 13800
 19670
 4393
 19717
 15414
 4141
 15922
 18007
 6866
 770
 6503
 7512
 13728
 3614
 6041
 6759
 12056
 13700
 10809
 17860
 5605
 16069
 17726
 358
 2632
 19425
 2882
 7506
 13696
 11357
 15053
 10436
 13643
 19737
 16263
 8215
 8935
 5914
 14879
 13632
 8686
 12707
 13306
 3021
 2524
 4913
 4164
 19438
 6795
 18154
 9184
 16581
 1876
 11447
 3933
 10837
 9046
 2231
 581
 7953
 14647
 1734
 339
 16296
 11934
 13560
 4936
 19959
 7420
 15243
 9681
 10349
 14822
 4686
 18489
 6542
 7236
 15754
 2293
 92
 9640
 15833
 7392
 17282
 11074
 5330
 13007
 15513
 3222
 14686
 16379
 14842
 13543
 19030
 4380
 6311
 2076
 16498
 16065
 5917
 1375
 18139
 19759
 1457
 10331
 16598
 1303
 5955
 12358
 17151
 12589
 18679
 612
 11284
 12351
 16765
 3027
 19673
 3917
 18746
 14508
 10200
 1980
 17260
 1865
 4740
 908
 10460
 4369
 17071
 18038
 10573
 3371
 18676
 10
 3094
 10604
 19108
 11485
 19781
 17652
 4971
 524
 6802
 8793
 568
 1557
 17124
 1731
 6150
 10795
 5761
 8464
 16526
 9665
 16126
 2543
 4027
 10871
 17629
 493
 598
 15893
 2527
 15218
 4888
 12306
 15028
 13310
 15522
 6756
 13841
 7022
 15748
 9279
 10414
 14143
 776
 6062
 14474
 3105
 15438
 10115
 17240
 2284
 12262
 8999
 10292
 16167
 17065
 14892
 16191
 1955
 1822
 6365
 5402
 8864
 19671
 6081
 14931
 4847
 11139
 4752
 3540
 15725
 15144
 14651
 333
 1399
 19654
 19476
 18317
 9094
 11568
 1013
 3380
 182
 19458
 2664
 19244
 8321
 1556
 13266
 2363
 9518
 14603
 6471
 5469
 14958
 16451
 12033
 15199
 10440
 15325
 9802
 4946
 2907
 763
 7127
 5769
 12747
 17333
 1473
 16917
 19138
 2286
 7265
 7159
 18598
 1603
 2024
 19733
 15823
 11451
 7959
 2270
 18951
 7030
 19572
 3097
 1748
 15140
 8172
 18281
 6932
 4745
 4797
 13028
 10864
 8708
 10969
 14696
 15098
 11725
 12252
 16536
 9071
 12900
 14272
 11234
 3759
 18429
 8520
 3086
 14785
 4238
 7274
 1317
 16015
 9438
 1095
 16482
 15884
 13014
 8883
 4866
 17905
 3937
 9334
 11858
 17045
 3712
 2113
 16959
 115
 13563
 9433
 2145
 14708
 17555
 5246
 15851
 1796
 13075
 12349
 15647
 6267
 15180
 19309
 1551
 17267
 8611
 7259
 14023
 16045
 2223
 10991
 116
 7747
 8997
 9605
 10850
 10430
 17015
 11524
 13935
 15394
 980
 4451
 9927
 9921
 14490
 858
 9413
 14096
 2207
 7252
 8927
 17908
 11619
 6831
 14570
 190
 17116
 7655
 15046
 8727
 19236
 2523
 19973
 9626
 16708
 6958
 6080
 7918
 9122
 5980
 10432
 16921
 4535
 16794
 11111
 1163
 11870
 14496
 18745
 12199
 15207
 585
 16887
 19607
 15185
 7453
 13557
 5846
 8033
 1729
 14024
 11543
 5707
 11936
 9839
 16505
 7765
 1417
 4425
 12932
 80
 6158
 960
 10100
 14809
 307
 14372
 13520
 15886
 3438
 11913
 10136
 13626
 4980
 1535
 10730
 4996
 16244
 3881
 17241
 18131
 19599
 6350
 1767
 11413
 13431
 12793
 4241
 13440
 9310
 2849
 1199
 14127
 15588
 3982
 3811
 13823
 11611
 15508
 7646
 11219
 12337
 13595
 9655
 1894
 5624
 12988
 11615
 8942
 1987
 3630
 3956
 2550
 132
 3081
 13659
 17923
 5530
 13888
 2568
 1166
 11318
 9945
 15525
 5779
 13997
 5544
 6743
 18046
 10084
 2683
 17393
 19604
 18794
 19729
 16928
 6232
 19766
 149
 8090
 18815
 3957
 15798
 15822
 8921
 5598
 5178
 5227
 16351
 18811
 16125
 3784
 8811
 13173
 9884
 12825
 17077
 11397
 19545
 11620
 1698
 6624
 14641
 11602
 8079
 18578
 13480
 5711
 4266
 1158
 17154
 6094
 12563
 17085
 11818
 17080
 5978
 6348
 17088
 19180
 9168
 1213
 9388
 9502
 14952
 2302
 16889
 1438
 18307
 10441
 8029
 4148
 16820
 11987
 8456
 738
 2344
 10314
 17225
 1255
 6604
 14699
 11775
 9006
 12958
 7095
 4333
 145
 17042
 4560
 10913
 18369
 1690
 16132
 7710
 7413
 2836
 3654
 6572
 17118
 11008
 11504
 18824
 7687
 12126
 5608
 11664
 17451
 11866
 16595
 12576
 7242
 12152
 9111
 12894
 5697
 2552
 17186
 17128
 13139
 19469
 16116
 11676
 1891
 18346
 9471
 13032
 9224
 7795
 5034
 1028
 7237
 11434
 1532
 17165
 6443
 2245
 19499
 15113
 379
 6021
 11374
 5625
 11112
 5921
 3028
 5216
 17206
 10728
 10904
 15425
 753
 15489
 15529
 14174
 18165
 8719
 8576
 17549
 1596
 1267
 3513
 6474
 4723
 14510
 17334
 723
 13577
 14648
 7658
 15876
 6498
 5428
 873
 9282
 2923
 7303
 9522
 7258
 4977
 5941
 7852
 15775
 9409
 6239
 11457
 11984
 9497
 17228
 12203
 19503
 7957
 17187
 10558
 18562
 12324
 1745
 10841
 12111
 3175
 10096
 7523
 12737
 15162
 16331
 9253
 15034
 13105
 14289
 19692
 12101
 7239
 14672
 9531
 15860
 10965
 14808
 5976
 15009
 16997
 795
 6367
 16842
 3172
 13513
 14092
 10167
 13232
 13743
 6921
 16988
 49
 16557
 12675
 11852
 18076
 16753
 472
 16771
 298
 14196
 10134
 18831
 16960
 8296
 7813
 19465
 10716
 9250
 12933
 11915
 15791
 10434
 14221
 7266
 1585
 2830
 220
 5131
 5117
 10746
 1956
 4800
 8641
 15233
 13727
 830
 6331
 7057
 3717
 91
 12257
 19380
 5120
 7758
 4066
 6316
 19556
 730
 14479
 6334
 699
 16602
 18187
 12850
 9465
 3347
 5400
 1365
 2106
 13275
 15719
 8873
 3727
 10534
 1849
 896
 18401
 6275
 11680
 12687
 6788
 985
 13653
 15102
 5694
 10939
 7677
 6872
 7275
 11243
 10638
 14720
 15873
 15829
 3545
 12485
 4329
 4024
 8701
 3471
 4570
 210
 17635
 9043
 19762
 5029
 11509
 677
 3388
 2322
 3992
 11252
 8353
 16047
 8055
 15846
 13594
 5815
 3187
 6588
 11000
 3269
 13124
 13312
 5856
 9381
 4382
 12448
 2648
 19246
 10056
 5795
 8848
 597
 12462
 17656
 14225
 157
 4662
 17817
 7720
 6938
 17867
 7966
 5318
 16082
 8004
 6833
 8991
 11893
 14002
 15642
 11472
 3448
 10381
 19721
 156
 13253
 19882
 501
 9860
 15138
 6717
 527
 19126
 3216
 1243
 13562
 4434
 2358
 6608
 2
 44
 5416
 4891
 18117
 12534
 11647
 1423
 14486
 8677
 1883
 11643
 15711
 18878
 16577
 17592
 7849
 9509
 7633
 3272
 17193
 14653
 9055
 5870
 12759
 10987
 9434
 2203
 8015
 11861
 2196
 16580
 11261
 10909
 3900
 11672
 1615
 4363
 2292
 4887
 15940
 8868
 5479
 15255
 4602
 15856
 8389
 10245
 11632
 19266
 7856
 12371
 11820
 18823
 5054
 3541
 11541
 7397
 2376
 19525
 17775
 14137
 17373
 17321
 9472
 3796
 1188
 12352
 13213
 8326
 16848
 19156
 13937
 1564
 747
 12121
 3671
 8950
 19555
 3543
 4417
 17939
 16113
 2580
 12412
 6229
 8429
 3698
 194
 4584
 10450
 1274
 3250
 19681
 19225
 4439
 8774
 18406
 19185
 19278
 12439
 2678
 7834
 6154
 1959
 4396
 19133
 4449
 8302
 16460
 16782
 10914
 4844
 7806
 4581
 3430
 5236
 2845
 9809
 12763
 889
 4595
 5056
 11229
 9528
 16854
 4587
 16475
 416
 15540
 17
 15208
 8891
 12664
 11802
 14818
 15929
 17236
 7879
 18709
 3025
 3756
 5179
 16915
 12277
 6639
 12507
 17468
 17519
 14579
 10177
 5047
 10309
 5204
 2961
 13795
 6284
 9812
 18805
 19416
 15382
 4786
 15475
 789
 4475
 12884
 19421
 15026
 17337
 17377
 6813
 1172
 2225
 10203
 6971
 6790
 7112
 1546
 19166
 814
 570
 12915
 447
 19296
 11141
 6016
 15290
 12452
 16096
 3850
 7548
 7930
 5879
 4627
 15487
 8390
 1521
 11362
 12293
 6221
 5490
 14954
 15097
 14737
 13313
 15393
 13737
 15085
 4986
 7976
 19231
 4565
 16543
 16900
 109
 4502
 10781
 3866
 11882
 7010
 6168
 5611
 8754
 14064
 19570
 4782
 11840
 18120
 11379
 13610
 18438
 19303
 15850
 2333
 19253
 3390
 10083
 14642
 12538
 6948
 10068
 16720
 11198
 53
 16838
 11700
 7146
 7002
 1614
 16124
 12135
 1116
 13245
 10036
 11604
 10135
 19827
 1448
 7805
 2785
 4757
 1693
 1229
 9277
 2396
 16308
 16785
 2712
 12681
 6358
 12198
 15961
 8667
 7457
 5755
 14210
 6131
 1818
 3167
 7971
 16655
 17358
 1250
 6690
 16066
 16758
 11258
 510
 11609
 3951
 15305
 865
 3299
 15258
 6656
 3716
 5554
 13129
 13333
 11052
 10787
 3887
 3739
 14945
 19158
 1422
 4278
 9558
 17467
 18978
 2909
 4130
 8112
 13665
 4291
 9892
 3912
 14457
 2810
 1988
 1025
 13760
 8735
 9875
 6789
 9333
 8530
 285
 15764
 16504
 12383
 16533
 10057
 12892
 11748
 4857
 8687
 18720
 9966
 1806
 12365
 17490
 11777
 7950
 7471
 11590
 4830
 18177
 10179
 1109
 16775
 4185
 16368
 457
 18700
 10889
 19893
 14897
 11757
 9940
 5358
 18362
 2161
 4675
 15220
 13383
 14086
 2360
 1201
 19773
 15649
 7707
 11704
 15801
 5343
 14140
 6611
 9920
 5196
 2153
 6134
 10433
 1271
 2988
 14049
 398
 19852
 602
 19367
 9115
 13218
 6782
 16529
 17091
 8718
 7877
 10710
 1838
 1030
 660
 15736
 9628
 10733
 5727
 8551
 7792
 13755
 4179
 9545
 3179
 511
 11782
 9476
 595
 17513
 2615
 3402
 3289
 13934
 6114
 13860
 16896
 12673
 18809
 563
 4274
 19432
 14650
 17482
 18020
 11638
 18105
 4139
 11636
 18628
 354
 1232
 16994
 9810
 9824
 834
 18639
 15842
 4862
 3839
 18480
 4391
 9039
 10371
 18284
 15247
 11120
 4403
 9729
 2680
 14595
 19497
 9141
 11635
 18262
 4754
 7607
 16859
 15038
 2136
 662
 5462
 15238
 12732
 13539
 96
 9950
 5951
 18059
 3838
 3084
 7411
 8469
 15621
 17497
 3315
 9579
 724
 11222
 7574
 17851
 9684
 2984
 578
 4647
 3252
 2488
 15943
 19145
 234
 5647
 14052
 10839
 1868
 18982
 6398
 16562
 8066
 19677
 7369
 19182
 3401
 14608
 8765
 5394
 7041
 2480
 13296
 989
 2081
 11093
 18666
 14639
 18148
 14037
 17846
 3632
 2143
 17447
 1171
 18223
 19048
 18384
 1602
 12380
 1566
 2668
 13756
 10213
 1858
 18349
 18002
 12241
 3164
 15626
 19976
 9369
 13193
 7324
 4463
 15074
 8809
 2750
 4040
 11628
 17038
 6592
 14195
 19990
 16027
 7326
 12908
 7606
 13639
 15273
 13301
 7233
 13182
 11424
 16455
 10388
 10458
 9576
 5580
 5817
 13887
 12501
 8936
 5096
 408
 11166
 13307
 19542
 4358
 2124
 15538
 10387
 6616
 1205
 8862
 15391
 10983
 111
 17125
 2251
 7444
 2931
 19519
 19412
 17893
 9473
 15075
 11941
 8139
 19045
 19408
 732
 11255
 141
 19450
 19770
 12813
 1665
 7903
 19953
 17459
 10526
 9867
 7246
 278
 17812
 5576
 9717
 13741
 19282
 5363
 5706
 14716
 8971
 19327
 14531
 10147
 3142
 2706
 2369
 2025
 2916
 3723
 4086
 7443
 3235
 14031
 11872
 13635
 2383
 10085
 16730
 2141
 14468
 6238
 12935
 3892
 18366
 16224
 11675
 19891
 2693
 17002
 3751
 10666
 19289
 9323
 18893
 2384
 14249
 19233
 16329
 18445
 17582
 16870
 10688
 1633
 5450
 11471
 12810
 18509
 14404
 1392
 16809
 5064
 19960
 5772
 12904
 4680
 16677
 2294
 5081
 4960
 12295
 13786
 19274
 5897
 10239
 12554
 15150
 12140
 2676
 18286
 18696
 19919
 16952
 12685
 14391
 2328
 4513
 3498
 13094
 19211
 9196
 2044
 4388
 1774
 6564
 5294
 9452
 5314
 2723
 17730
 4049
 15190
 11484
 9424
 13711
 4479
 17049
 13987
 18821
 13913
 12618
 10891
 11367
 7066
 6341
 12963
 10772
 8712
 17387
 18316
 7970
 4100
 5194
 6875
 8286
 1361
 4210
 18859
 9110
 7586
 235
 3941
 906
 13336
 19181
 16023
 1432
 17849
 419
 558
 13641
 16539
 15672
 14792
 10172
 7039
 6295
 10652
 8663
 12530
 19512
 16228
 179
 1
 16863
 19337
 15226
 5947
 10204
 16506
 16105
 13902
 1111
 18730
 10763
 9978
 5950
 18812
 9446
 8397
 6755
 6525
 7437
 1617
 6252
 8678
 9709
 18321
 974
 2296
 15650
 6752
 11542
 18691
 4171
 1379
 12015
 15365
 5133
 19923
 19870
 14805
 18340
 7820
 4573
 19260
 2594
 1481
 986
 3685
 9096
 4039
 10366
 2029
 12343
 6964
 683
 1991
 8488
 15773
 14501
 16492
 3117
 17962
 14215
 13848
 15739
 1321
 16899
 7568
 16797
 10260
 14030
 14783
 3152
 9013
 14093
 10797
 11343
 17615
 15360
 7565
 10967
 14984
 5163
 11973
 18916
 16878
 10611
 16369
 6076
 9823
 15369
 1921
 7868
 19411
 19754
 1186
 18574
 5376
 979
 11795
 8087
 14898
 6662
 12441
 7691
 15520
 16403
 10900
 1587
 9031
 11658
 4492
 11224
 17607
 3234
 13091
 6619
 89
 7405
 15944
 8153
 7634
 9266
 995
 7715
 6748
 9744
 15128
 8366
 16908
 2152
 17432
 19672
 13206
 18322
 4637
 19471
 10609
 422
 17222
 10592
 19232
 2536
 4471
 4557
 18935
 14465
 9211
 13511
 4926
 3171
 1647
 19294
 1015
 3593
 9278
 9614
 1196
 5853
 14530
 13483
 17588
 14652
 7336
 15665
 18088
 112
 18080
 18178
 12304
 7088
 16569
 16964
 106
 12317
 16303
 13347
 16512
 18428
 13905
 12970
 1794
 7472
 2605
 8646
 4486
 8908
 8903
 15491
 16315
 5558
 16290
 16257
 4107
 16418
 6999
 13240
 4646
 142
 969
 16070
 7827
 2852
 16146
 17244
 6188
 12514
 10011
 9957
 18649
 7278
 18444
 13089
 14725
 3330
 16266
 11263
 17992
 4517
 16211
 4635
 16026
 12476
 7189
 7391
 6939
 10047
 15855
 15747
 5226
 8937
 14766
 3740
 4941
 4409
 4284
 3362
 7341
 4901
 18787
 8915
 8693
 15512
 5794
 14211
 7140
 17710
 2781
 13880
 17532
 11510
 3859
 16090
 18005
 13680
 6031
 17795
 13354
 1483
 15596
 9726
 15676
 2218
 13084
 7599
 11873
 1183
 3457
 10464
 16570
 3616
 13837
 14780
 6712
 17357
 8583
 19684
 12084
 5990
 8607
 7385
 7807
 15610
 16514
 5109
 11023
 3948
 8342
 3496
 3145
 4078
 17086
 4731
 3787
 1936
 17004
 5171
 6682
 11135
 19214
 10753
 19039
 11184
 796
 8501
 9304
 6633
 7566
 11240
 4822
 1451
 1085
 2279
 2453
 16541
 7967
 231
 4820
 4665
 19708
 9330
 10565
 19929
 6012
 387
 9154
 16057
 8026
 6879
 19511
 11892
 3372
 18953
 7731
 18168
 11115
 11989
 11477
 9734
 6980
 2823
 18163
 12481
 5523
 6403
 16649
 368
 3512
 3979
 9829
 8150
 496
 19184
 449
 3099
 18776
 4436
 19996
 12557
 13798
 3885
 17725
 4028
 15907
 4598
 13714
 1443
 10554
 14685
 10293
 18659
 4182
 15644
 13671
 18557
 9671
 7998
 972
 3228
 1574
 1732
 6187
 3546
 7085
 3521
 7669
 15052
 19237
 18692
 12094
 19710
 963
 938
 1560
 14836
 4016
 7751
 5306
 8336
 15836
 17977
 19908
 13207
 14926
 7938
 18611
 12486
 8070
 8721
 8591
 8805
 1820
 18518
 13039
 8833
 14928
 10443
 9888
 436
 12416
 2842
 17610
 5663
 8644
 11161
 3255
 10610
 8447
 1211
 10198
 1562
 5201
 5209
 8025
 99
 19574
 19110
 17264
 5492
 10805
 2187
 16299
 16573
 7009
 7067
 3456
 8077
 12250
 17827
 16861
 6736
 16053
 15318
 12743
 11402
 3258
 1220
 760
 5939
 6298
 8924
 11094
 7904
 14983
 11435
 6366
 18908
 8762
 19059
 12961
 3606
 15530
 9036
 12376
 4909
 11361
 15231
 14927
 17395
 18493
 18990
 19169
 17748
 9265
 6435
 9678
 1251
 2362
 2517
 8749
 11703
 12097
 5181
 14535
 11649
 10618
 2275
 5036
 12658
 11829
 4767
 18950
 4859
 4939
 8435
 10915
 18006
 1515
 14001
 10713
 19451
 9425
 15796
 12401
 17248
 1435
 5497
 18265
 11398
 11516
 18733
 15333
 1397
 6066
 15732
 19102
 19712
 5115
 18092
 4375
 1482
 1914
 3067
 17636
 18236
 8072
 16944
 2197
 9401
 6120
 15920
 3807
 5774
 10186
 853
 7282
 7911
 15321
 15254
 19472
 8887
 10357
 18335
 353
 8104
 9658
 12857
 4697
 18732
 18116
 1334
 16931
 19139
 16688
 1400
 17757
 521
 4094
 10305
 19428
 167
 17129
 13433
 11985
 10274
 19487
 14528
 14124
 9302
 13508
 19553
 9513
 6967
 11400
 8700
 10957
 2390
 11009
 8570
 10976
 6976
 18072
 17419
 17596
 14973
 2119
 14661
 6966
 11707
 10452
 14416
 3293
 8394
 7811
 16428
 9704
 10071
 15524
 5243
 3449
 18186
 4457
 1348
 11235
 12645
 2602
 17832
 14915
 5805
 11344
 3262
 9264
 3562
 19079
 18364
 19682
 85
 289
 11897
 9549
 1194
 11313
 1743
 19089
 7703
 18747
 5852
 590
 576
 9450
 5842
 386
 17217
 19934
 18354
 15482
 7403
 15080
 4612
 4726
 8030
 12042
 16673
 30
 18194
 3990
 12373
 18358
 12811
 11618
 13856
 655
 200
 3190
 12706
 18596
 15407
 6635
 19809
 17814
 14347
 7433
 13087
 12790
 13512
 183
 11004
 6772
 16227
 9311
 11211
 7624
 14399
 8716
 11267
 11678
 15376
 18200
 17559
 4929
 17280
 9313
 7300
 12041
 8529
 19188
 13677
 18944
 4958
 2884
 12947
 6085
 14781
 10876
 16255
 19902
 8514
 18058
 1514
 7654
 11804
 5359
 4590
 2078
 9998
 2169
 14477
 3475
 3200
 8178
 13747
 14545
 5732
 11239
 10737
 3184
 17745
 18903
 7617
 17456
 11807
 8932
 18927
 15023
 11128
 15552
 16628
 11715
 15398
 9622
 19245
 8184
 7933
 8204
 3270
 15381
 14268
 1844
 2748
 18387
 19453
 259
 1507
 3657
 11048
 15497
 2122
 13916
 7573
 859
 5329
 8791
 1297
 16496
 4872
 17784
 1117
 6626
 13432
 11505
 9469
 17968
 17637
 5313
 17808
 8548
 12169
 4864
 497
 1929
 5712
 4614
 6954
 14930
 13093
 9298
 3701
 15092
 10132
 13454
 7921
 10355
 9938
 18843
 12078
 5259
 11133
 14581
 17898
 6248
 16711
 14303
 7374
 1404
 18891
 13797
 12870
 16746
 4205
 17303
 17318
 15017
 17162
 4779
 7660
 17204
 15410
 16812
 16219
 17998
 5475
 14734
 8973
 2291
 531
 4567
 13498
 13809
 12155
 10426
 10402
 9629
 5699
 17628
 3231
 3967
 14428
 6555
 7470
 1543
 8592
 17774
 14395
 16554
 14676
 16852
 5166
 8320
 10637
 6713
 8820
 9480
 17794
 4347
 19264
 17412
 18973
 15774
 19283
 5489
 3677
 320
 18541
 13588
 1784
 17135
 7988
 14388
 3988
 6708
 6171
 2592
 9881
 11180
 18382
 9166
 9527
 15831
 922
 5581
 11544
 14264
 8095
 9490
 2038
 14735
 4214
 1545
 253
 16311
 4687
 3801
 1230
 599
 470
 17544
 14634
 3083
 16831
 12289
 18818
 7866
 2877
 4897
 4303
 8554
 17661
 17438
 4849
 7168
 4736
 1817
 13404
 7272
 63
 5464
 5790
 6198
 4223
 2892
 11944
 2806
 7439
 9691
 12260
 3950
 205
 5062
 17590
 17611
 9066
 678
 16734
 3008
 5541
 7408
 3219
 19364
 2021
 12182
 14890
 3623
 616
 14758
 7701
 1998
 14914
 7889
 1302
 6680
 9598
 3345
 13750
 11714
 10061
 18339
 13521
 17102
 7426
 9257
 19399
 12294
 5655
 5274
 12014
 7895
 3509
 19756
 10982
 19811
 6529
 7312
 7980
 2860
 18648
 16629
 17117
 9550
 11803
 13722
 13411
 12754
 10602
 18974
 16226
 15409
 5325
 7847
 18458
 2861
 17917
 845
 9889
 4995
 17878
 9112
 17912
 3203
 15857
 15844
 16935
 1391
 5967
 11337
 7974
 16246
 1658
 4464
 19073
 15558
 19270
 19666
 6036
 8589
 17302
 15549
 10898
 18342
 5041
 10968
 6591
 15057
 905
 15767
 4047
 13835
 15011
 8439
 3636
 924
 14741
 9763
 3773
 2135
 5067
 3278
 11487
 78
 17651
 6878
 11857
 4615
 16642
 9230
 1656
 5632
 19794
 11124
 3032
 11482
 16073
 16051
 14577
 16591
 8730
 10403
 6837
 14727
 17766
 17876
 9764
 4071
 7114
 2522
 7931
 18499
 12264
 10820
 13228
 12607
 19404
 273
 3569
 10576
 4676
 5750
 11262
 11563
 17821
 2212
 15962
 13263
 6458
 12435
 12520
 9816
 8966
 7416
 9903
 13505
 19201
 18061
 1582
 6364
 10999
 11077
 4831
 3707
 16270
 12031
 9828
 14728
 14942
 13926
 2063
 3891
 12146
 856
 16466
 13416
 12327
 17290
 6745
 2352
 7332
 15785
 12712
 13578
 1683
 7636
 14614
 6941
 4285
 18857
 1414
 6308
 7908
 4659
 7045
 6856
 19363
 6535
 11739
 5165
 19859
 8093
 12024
 14281
 7557
 2837
 16072
 8027
 17603
 13278
 6688
 6405
 17110
 16286
 19378
 3414
 5999
 13871
 3213
 2987
 713
 2171
 10932
 3864
 10425
 11595
 15494
 16545
 4310
 18742
 14774
 8218
 8836
 3852
 15501
 9367
 4478
 9885
 2437
 4596
 9432
 14736
 19405
 18667
 14555
 5758
 4682
 15694
 8048
 19594
 2528
 12211
 68
 1312
 14077
 6930
 5616
 6430
 7979
 2049
 11183
 19239
 14050
 921
 17604
 8525
 16636
 12867
 19515
 328
 9378
 17520
 13441
 7982
 5177
 7651
 6874
 9065
 18291
 9356
 151
 10695
 2121
 15346
 11121
 11301
 1720
 3036
 10712
 14380
 10641
 11651
 18054
 13437
 4906
 12072
 5000
 5488
 4206
 11423
 3741
 6293
 12770
 10269
 4962
 16560
 10347
 14386
 3297
 10851
 9723
 6237
 4424
 1618
 17059
 17461
 16422
 16157
 1862
 8051
 16197
 19736
 13314
 1357
 3514
 10466
 10650
 2252
 10930
 1288
 11836
 12566
 19952
 16328
 2544
 18650
 11126
 16984
 11105
 17472
 6089
 8670
 19329
 6597
 14381
 9944
 11136
 7024
 2589
 8814
 3001
 16942
 5494
 12469
 4692
 4613
 11162
 6416
 8893
 4367
 540
 3686
 3709
 18374
 1041
 16503
 2255
 4420
 7103
 6240
 8360
 9650
 6873
 903
 2023
 4915
 11828
 11066
 17950
 11683
 7225
 19023
 19764
 1632
 18678
 16274
 17394
 12862
 728
 8884
 10407
 15010
 7180
 1355
 15348
 5254
 14405
 18987
 19252
 8757
 14209
 18442
 18686
 3002
 13359
 2077
 5764
 14606
 4607
 14980
 11039
 6527
 14883
 18911
 5981
 19642
 222
 13808
 12467
 14164
 8854
 14239
 9625
 15708
 13925
 5480
 15816
 11433
 8886
 1769
 13804
 14932
 1062
 12540
 3497
 365
 4922
 12704
 14013
 11114
 11370
 1839
 2976
 18716
 5543
 10296
 1851
 5860
 5652
 18047
 13862
 6181
 9422
 10227
 2156
 2194
 17606
 81
 17683
 7780
 9721
 10879
 17344
 9918
 19596
 11580
 15993
 10518
 2759
 2318
 9982
 14548
 16549
 18464
 14190
 15326
 17192
 1657
 16480
 5866
 12624
 18478
 18391
 630
 5638
 19449
 10765
 4414
 5063
 6637
 17420
 2028
 16912
 11450
 19116
 19658
 17470
 10082
 6217
 1934
 6409
 5024
 4466
 19103
 1846
 6653
 7226
 3907
 17184
 4919
 16998
 19162
 507
 19403
 1234
 19371
 13776
 3719
 794
 12164
 3639
 1715
 3589
 9830
 10683
 12150
 12942
 12151
 16868
 17862
 13758
 5776
 13458
 17452
 679
 5271
 19342
 8866
 12207
 6757
 17384
 12013
 11815
 1333
 8828
 11463
 15830
 11163
 381
 10279
 9296
 7987
 8766
 2238
 3578
 5167
 2085
 18199
 3594
 15006
 1300
 16951
 17565
 8968
 19430
 7951
 8382
 11041
 13788
 12716
 1155
 19621
 17771
 16064
 2071
 12881
 2618
 3599
 11661
 13850
 19796
 3537
 5
 2064
 19105
 12008
 9377
 14035
 9995
 12990
 3424
 3898
 13400
 34
 17044
 1104
 10038
 9822
 13267
 9618
 6908
 6843
 2661
 8630
 8731
 18634
 18919
 2317
 13867
 11970
 19956
 2953
 19769
 3996
 12795
 15484
 12184
 13380
 19968
 4987
 4076
 3174
 9554
 18550
 17525
 9327
 13402
 18752
 16668
 12827
 12345
 11241
 4293
 983
 1134
 11488
 18305
 7906
 9273
 3730
 5012
 6008
 5883
 16110
 15389
 8277
 11381
 6818
 9987
 1895
 11468
 15066
 11149
 12478
 6222
 3879
 18132
 5945
 14684
 11809
 1971
 15405
 14485
 19295
 12012
 11031
 745
 4267
 8585
 12049
 11253
 6959
 17368
 6064
 4296
 882
 8328
 17413
 13718
 8990
 19151
 9883
 13056
 4055
 943
 2091
 4983
 2773
 14169
 14682
 4088
 2660
 3479
 17831
 11016
 4761
 1223
 9627
 17019
 11821
 3225
 10299
 17473
 12575
 189
 3368
 19913
 10679
 18670
 12866
 18414
 5954
 10131
 1043
 12940
 4893
 16582
 16075
 5937
 1491
 17476
 17516
 13988
 4435
 19632
 18959
 16882
 8086
 11561
 482
 1558
 13055
 10842
 3825
 5430
 6454
 12749
 7241
 7730
 8808
 16936
 15158
 19842
 14498
 2585
 1686
 7084
 10616
 11911
 3331
 9222
 16804
 16377
 14198
 7107
 5918
 4368
 54
 13205
 18271
 124
 18770
 653
 8124
 14463
 9594
 12148
 12144
 2876
 9874
 11662
 2755
 8359
 2237
 2430
 16585
 17677
 19234
 18656
 2939
 19772
 16589
 6391
 8547
 17205
 7543
 4499
 2881
 15800
 3068
 7864
 16445
 11020
 2300
 18920
 6484
 16048
 7683
 5746
 3006
 16058
 1761
 10919
 17704
 6045
 14274
 9268
 1723
 16361
 18234
 1369
 16787
 10114
 2560
 10614
 4067
 19813
 17562
 18585
 6001
 9114
 8692
 2026
 7418
 16566
 12660
 16222
 12129
 971
 8060
 8992
 5828
 15019
 931
 1173
 8294
 10301
 4508
 16223
 7885
 15740
 19092
 18810
 19210
 10540
 19448
 498
 3244
 15429
 14873
 14257
 901
 11954
 18289
 9129
 4808
 15400
 5256
 19955
 2010
 18021
 5328
 71
 6393
 2368
 18768
 17930
 7351
 2448
 19152
 1121
 12662
 18674
 7592
 10396
 18757
 2239
 4641
 19742
 15763
 16078
 248
 4046
 19410
 19091
 9799
 12420
 4777
 17561
 14039
 17399
 14665
 13449
 8339
 16702
 11399
 2458
 14103
 14104
 18847
 8351
 19758
 13915
 17498
 8021
 3453
 3743
 11266
 13077
 3767
 12188
 5970
 14006
 2361
 552
 326
 19130
 10960
 604
 19790
 867
 11386
 1906
 12175
 7928
 18469
 5320
 13195
 18940
 15964
 14397
 10064
 18176
 18109
 13225
 6456
 5336
 6761
 3365
 10010
 19508
 5622
 15582
 8180
 6379
 18420
 10350
 10867
 9757
 1409
 11182
 8298
 5603
 7406
 4539
 1339
 8736
 19649
 15722
 6581
 6651
 1088
 11626
 5692
 2140
 12396
 12185
 7327
 14593
 18941
 7497
 11212
 3474
 10852
 16867
 9221
 13009
 9984
 12443
 17507
 376
 15575
 7740
 8894
 10074
 11429
 13767
 5045
 477
 6414
 16719
 14959
 16262
 15885
 2444
 14231
 8918
 18314
 4755
 10066
 17662
 16525
 14721
 257
 11991
 15815
 6947
 7170
 3884
 14172
 10754
 11405
 8654
 15946
 5851
 3398
 11690
 6125
 8226
 6026
 16596
 3761
 19986
 3736
 13422
 19588
 8455
 15401
 5139
 1132
 15981
 18558
 14955
 18098
 4656
 17981
 18184
 17621
 1487
 18901
 5587
 5187
 14230
 18698
 9252
 19082
 16965
 18308
 15814
 826
 15625
 12085
 14059
 15037
 11491
 1650
 2206
 3397
 11914
 10948
 17694
 13176
 2974
 2908
 6096
 202
 17258
 10196
 6151
 893
 18016
 18516
 5484
 8305
 4495
 4056
 3122
 6009
 14459
 19318
 8176
 19611
 8653
 5677
 13607
 11811
 18528
 11346
 14044
 4445
 17798
 1064
 817
 16891
 12254
 10107
 1676
 6679
 12698
 12647
 13386
 13445
 13071
 5680
 4360
 7929
 6360
 11737
 315
 9326
 8789
 8571
 3597
 18704
 14956
 18629
 18256
 6770
 16592
 12120
 17967
 19779
 10202
 1142
 3354
 13027
 15331
 11924
 19820
 12590
 2054
 1347
 8835
 14295
 16348
 19358
 1296
 4092
 2578
 16654
 12542
 4589
 13293
 7786
 1222
 6995
 19509
 11552
 12775
 9317
 19507
 17411
 9804
 16576
 19757
 18738
 2111
 14461
 8557
 17543
 15110
 3391
 10846
 8378
 4506
 19829
 9029
 11456
 6559
 14323
 6918
 18643
 15262
 1026
 16327
 4230
 15787
 9140
 12506
 12741
 11948
 14325
 6520
 8001
 7126
 4331
 3420
 1783
 8504
 16020
 8545
 17301
 16974
 8241
 6754
 5630
 15967
 16517
 18397
 11025
 491
 12667
 17868
 15445
 10856
 1881
 3785
 4918
 10411
 1530
 18050
 17479
 9372
 961
 669
 13873
 17918
 12545
 6128
 19157
 3927
 8725
 7721
 6548
 12450
 12088
 5710
 15547
 6496
 1893
 3968
 18454
 16800
 5290
 13103
 1257
 1402
 14403
 10307
 3814
 10264
 15049
 5344
 16319
 19223
 10780
 17580
 10102
 5365
 4455
 16144
 13010
 6886
 14902
 14516
 18280
 11614
 1343
 18567
 14943
 5220
 14645
 18727
 8442
 13621
 13544
 14982
 15910
 8203
 12682
 3771
 19800
 16425
 18329
 13217
 9911
 15832
 18055
 12310
 17863
 4774
 2776
 16409
 7840
 2489
 523
 11365
 169
 14134
 3519
 6532
 15461
 1040
 6383
 8039
 14237
 3506
 11538
 9037
 9917
 43
 15148
 6481
 19925
 2462
 17492
 2873
 3868
 9766
 12815
 291
 17428
 17744
 1350
 10158
 12937
 8786
 12303
 19655
 12715
 4103
 11027
 10802
 8260
 19195
 4372
 14233
 17424
 1966
 6056
 10875
 2260
 1313
 807
 9352
 17265
 1212
 9234
 12559
 88
 4520
 15481
 9451
 8387
 4791
 1342
 5486
 8553
 7835
 7208
 3066
 3577
 19168
 18999
 17317
 15449
 17055
 12451
 10761
 2827
 1202
 2623
 7848
 7776
 4858
 17415
 5207
 14830
 2438
 7117
 9232
 667
 774
 8410
 14567
 6281
 9011
 7890
 15504
 4343
 4298
 2767
 8857
 3554
 4295
 17011
 1441
 17372
 11518
 16019
 13117
 19554
 7028
 13177
 4989
 15224
 10552
 2749
 4968
 6962
 8490
 18769
 12768
 5390
 12232
 13265
 7699
 502
 14848
 7398
 4321
 128
 13813
 6401
 18554
 17879
 923
 5569
 14261
 7043
 18718
 16184
 11109
 3088
 7188
 3007
 1003
 4500
 5898
 4190
 10124
 19094
 18062
 2792
 10465
 6582
 5592
 8113
 3441
 7593
 10024
 12890
 12066
 19623
 16632
 2494
 1004
 9624
 228
 9712
 13391
 7102
 3400
 19041
 9125
 16352
 14476
 7479
 4881
 451
 14876
 4158
 12888
 7337
 9951
 2192
 17033
 5670
 1643
 16975
 12381
 14107
 6863
 19398
 6730
 12210
 19124
 17627
 1837
 209
 12583
 1227
 12622
 13257
 2904
 15614
 1736
 15882
 17052
 4525
 12546
 17715
 14488
 12378
 1705
 19480
 19191
 1307
 16911
 761
 857
 12729
 1775
 5642
 2424
 17392
 12997
 12918
 16638
 829
 13342
 10188
 17904
 16824
 9338
 9842
 19339
 17641
 16174
 1935
 4208
 11999
 1084
 5650
 13966
 1621
 18004
 11778
 5446
 11996
 13958
 7788
 6164
 3114
 19431
 18150
 966
 5470
 12599
 19602
 9025
 5276
 7814
 16802
 19750
 5245
 12978
 5007
 305
 18134
 18017
 6623
 18029
 15769
 8408
 13765
 19299
 16216
 13698
 13970
 18786
 17414
 9387
 8310
 3090
 19436
 18484
 12751
 17906
 18743
 2399
 239
 14599
 17972
 8503
 19277
 11838
 8532
 5721
 15870
 2935
 13323
 17185
 15897
 6539
 7495
 3947
 15015
 10190
 8248
 624
 2828
 17338
 4059
 16670
 11148
 19897
 944
 10593
 5575
 1035
 8444
 11196
 17754
 7697
 17737
 606
 2405
 522
 18553
 1237
 13491
 16839
 10148
 2713
 508
 1082
 7373
 1559
 5103
 2644
 2012
 3205
 17577
 1289
 14794
 8669
 2269
 3942
 15526
 4823
 6961
 12421
 9577
 17746
 12379
 8599
 12920
 12663
 18483
 4988
 18750
 17367
 10176
 18460
 19941
 10017
 1853
 1394
 4091
 8498
 17786
 7037
 12946
 12748
 12952
 7978
 2519
 18416
 11058
 19036
 7815
 12114
 16990
 6589
 8928
 11900
 12808
 13879
 9010
 15329
 18030
 9930
 13846
 9551
 17987
 4015
 11129
 9493
 17331
 19097
 7111
 16574
 8423
 4955
 1160
 2061
 14894
 1601
 5003
 16177
 686
 3378
 1967
 17025
 5292
 11946
 18491
 1717
 14938
 15379
 6711
 7094
 14218
 16689
 16243
 14630
 18386
 4764
 18392
 4729
 11106
 1359
 18162
 2795
 11613
 1694
 17043
 8038
 631
 2440
 7483
 5228
 1801
 15949
 4126
 16860
 17328
 19776
 7071
 13897
 5496
 373
 5136
 4789
 14730
 2972
 3861
 16232
 18948
 2943
 3769
 13707
 4575
 19071
 2521
 4796
 2258
 11228
 9035
 19273
 393
 3484
 625
 10858
 3367
 1154
 2093
 6764
 15101
 962
 15083
 11256
 18012
 15959
 13964
 11426
 8905
 13405
 3363
 15849
 1102
 19348
 14527
 7410
 206
 15380
 5792
 13533
 16658
 3625
 18365
 3972
 1791
 16547
 7808
 18874
 14697
 13384
 15469
 2995
 9737
 15737
 9819
 4254
 17348
 1054
 11839
 14417
 18130
 9623
 6640
 15670
 17072
 5518
 17144
 10902
 589
 17436
 2753
 7860
 7919
 17047
 13196
 13961
 8056
 8156
 4482
 8491
 12195
 1780
 10449
 11454
 12145
 1639
 12719
 2967
 10704
 12282
 6028
 15734
 6255
 19650
 16723
 811
 6842
 5286
 12553
 10175
 18156
 2833
 9233
 17069
 1850
 10916
 18228
 8246
 3544
 7698
 6786
 2213
 32
 1042
 5121
 16619
 13629
 5074
 8428
 170
 3557
 928
 9708
 3108
 19793
 2554
 11794
 15918
 12384
 8284
 16484
 11054
 18715
 10332
 967
 4242
 5878
 13784
 8275
 5613
 3555
 15812
 6177
 9514
 11216
 1221
 10961
 17681
 2457
 16607
 15559
 9064
 3305
 10590
 16732
 13338
 3422
 3897
 5724
 2108
 14363
 12964
 4359
 5504
 1877
 5832
 4
 8584
 3129
 9305
 15671
 17948
 12531
 8960
 6205
 17499
 11877
 9128
 8965
 17197
 2357
 18860
 9236
 10032
 5127
 14301
 14765
 2913
 3076
 11119
 9780
 6279
 9621
 15541
 14726
 6692
 1790
 8563
 290
 16862
 9003
 11527
 13074
 3322
 17330
 12826
 3151
 16153
 3495
 19535
 16766
 19799
 8639
 9077
 4917
 4443
 15790
 6475
 15624
 8535
 8287
 2395
 10297
 10966
 17010
 6032
 14189
 19022
 4925
 13220
 3343
 10491
 7463
 15653
 18000
 11883
 18254
 18902
 8722
 6514
 7345
 5723
 7352
 10771
 10455
 60
 9864
 7567
 8533
 9732
 6491
 5414
 2777
 5843
 13693
 19744
 9024
 2962
 2473
 19460
 8017
 8101
 6438
 13099
 295
 1151
 251
 18644
 15039
 8729
 17189
 15892
 4204
 13938
 14206
 1352
 2006
 12471
 6139
 15014
 14874
 1335
 8142
 5255
 18096
 626
 4272
 15264
 16178
 1522
 6059
 13601
 11323
 777
 14020
 14148
 5098
 7577
 4201
 12372
 5533
 13529
 13561
 3384
 12616
 12238
 4432
 18915
 3964
 8963
 143
 2512
 866
 1848
 671
 13953
 18669
 1910
 3763
 12580
 11751
 1565
 293
 8131
 10620
 7142
 17990
 2483
 6083
 7026
 19213
 1305
 7671
 10140
 10514
 14950
 7177
 15570
 12821
 15565
 17440
 3383
 12921
 7836
 14047
 9015
 1099
 19066
 10872
 4916
 3628
 12629
 8508
 9091
 4390
 19409
 5957
 3926
 7003
 18140
 18195
 8058
 13753
 727
 7924
 13143
 5315
 16283
 1900
 12127
 18450
 10231
 9322
 917
 14115
 14703
 17880
 12292
 9237
 9936
 14469
 10928
 3314
 9541
 12173
 17305
 5825
 3055
 9750
 10099
 10233
 13611
 2822
 12413
 18474
 3528
 3491
 16700
 4161
 13568
 8713
 19920
 18292
 18526
 1108
 13318
 9578
 9705
 12402
 16054
 7284
 7644
 3789
 16401
 9170
 12112
 1344
 11848
 15299
 5412
 4748
 18584
 13824
 767
 13805
 8863
 12217
 19338
 18956
 428
 18984
 3877
 14673
 11053
 10168
 13889
 12347
 9690
 12064
 8959
 12823
 17755
 5083
 9107
 19140
 7081
 17234
 10511
 5672
 4427
 18695
 8231
 19446
 14558
 13280
 12048
 12657
 5401
 3913
 95
 8418
 1826
 7894
 2646
 1993
 6072
 9707
 17515
 17142
 15726
 11621
 19444
 139
 403
 2980
 7249
 5240
 5104
 8054
 8368
 7098
 3867
 7674
 12720
 11202
 7000
 17779
 11923
 6227
 14760
 17403
 10346
 15735
 1926
 18040
 4077
 10189
 7469
 13787
 19713
 17176
 1320
 13876
 6027
 9971
 4229
 13793
 3218
 7981
 9292
 3975
 9364
 11908
 9552
 14097
 735
 6102
 1550
 19782
 6457
 5020
 7541
 15203
 8195
 19943
 17884
 7263
 3000
 4780
 16999
 9449
 18799
 6839
 8426
 13826
 16410
 12070
 1225
 19743
 7597
 888
 1377
 4156
 6266
 4999
 11974
 9778
 3026
 9280
 8475
 6038
 19482
 12922
 17209
 7937
 14423
 14656
 56
 10775
 12636
 10548
 10481
 5627
 18123
 9647
 16279
 5620
 2813
 6658
 6703
 17355
 3675
 7315
 3311
 11086
 16738
 6133
 16905
 3893
 5681
 19269
 3098
 19064
 6273
 12190
 2404
 8480
 15991
 3760
 9989
 3643
 16534
 3670
 5023
 14199
 5200
 3999
 18209
 12989
 2957
 16179
 12677
 8709
 16457
 3878
 19241
 18247
 5595
 19989
 13701
 6868
 12057
 3946
 3691
 10075
 11085
 15594
 10563
 9967
 18439
 14835
 6034
 15294
 15983
 1977
 4405
 8819
 14752
 12709
 15302
 15020
 5636
 19050
 15693
 5593
 14992
 2610
 6550
 17134
 2652
 18385
 14072
 8244
 1356
 15451
 10645
 4225
 17974
 17886
 953
 6147
 6361
 10892
 6090
 9555
 16513
 2271
 29
 515
 7672
 7777
 1264
 11814
 7819
 4459
 8052
 18203
 5584
 12617
 9837
 11865
 9495
 14420
 3323
 18962
 346
 14310
 4655
 8930
 15521
 2727
 7676
 15837
 13470
 11147
 6699
 13484
 10333
 5466
 8856
 11645
 12526
 19520
 4149
 5502
 11164
 18532
 19579
 1105
 4399
 17833
 19935
 7110
 7447
 16433
 11091
 1620
 3655
 479
 6399
 1835
 5284
 10341
 11273
 16805
 18876
 2940
 3111
 6253
 15270
 3738
 5334
 11006
 14374
 5909
 3428
 11443
 16728
 19992
 4684
 6183
 7995
 14803
 6292
 8629
 148
 10631
 18790
 14410
 12547
 17601
 6249
 14313
 5800
 7761
 8623
 207
 8619
 15928
 4554
 9191
 4806
 9217
 7015
 15275
 15718
 13073
 6024
 7771
 11606
 155
 7753
 3847
 2708
 10522
 13448
 9491
 18778
 6531
 15992
 11145
 14203
 8821
 868
 7554
 2386
 10348
 13204
 6847
 13688
 10981
 16464
 18361
 18069
 3858
 19558
 7283
 6780
 4776
 8363
 3798
 10316
 3247
 7711
 18979
 8645
 8537
 11014
 15492
 11375
 5822
 6909
 6305
 5745
 14306
 14290
 14646
 11669
 12117
 610
 14640
 10287
 16363
 3794
 9895
 9391
 6218
 11257
 16339
 410
 10835
 1832
 10951
 14574
 13385
 4702
 15286
 19262
 6737
 1990
 11392
 2075
 7867
 188
 13242
 418
 4949
 14338
 2400
 127
 5813
 19855
 17442
 5862
 10722
 7519
 534
 3279
 10838
 10584
 15182
 4342
 5417
 13468
 1157
 8163
 14816
 11688
 1115
 2617
 14850
 4074
 11287
 11721
 6753
 1498
 7476
 16623
 4350
 7381
 6109
 17922
 3191
 9703
 3091
 17573
 9032
 8040
 17647
 1071
 9790
 15126
 19765
 15234
 14552
 2885
 10773
 10719
 9467
 2694
 19988
 9080
 18917
 17253
 3662
 11416
 8543
 5566
 7276
 372
 6039
 13350
 13031
 13057
 8801
 11360
 19993
 18431
 2209
 3302
 12000
 3586
 1198
 15609
 18542
 2788
 9510
 19300
 10410
 6860
 17445
 9645
 13606
 1613
 4095
 3236
 3459
 299
 17299
 18503
 11113
 19938
 553
 17385
 10691
 14679
 8361
 14443
 5989
 6087
 17488
 16801
 622
 19506
 3298
 7152
 5148
 17510
 12765
 806
 14316
 17708
 5263
 8829
 615
 9572
 16342
 10927
 10884
 15888
 11966
 15794
 1889
 18295
 16324
 15154
 13870
 465
 1057
 6142
 19494
 4023
 9584
 4961
 11968
 2022
 9760
 1069
 13086
 17383
 12496
 11760
 1827
 19914
 18101
 13664
 19864
 13591
 9216
 17852
 15269
 16948
 6834
 4389
 8695
 8301
 812
 18535
 13241
 147
 619
 1890
 9106
 19818
 3652
 16007
 5125
 11371
 7160
 2954
 17006
 2217
 4649
 14935
 9817
 7445
 2511
 17986
 869
 7564
 9486
 12325
 7490
 9016
 1081
 4290
 15322
 6278
 12854
 7620
 17130
 14442
 12883
 4115
 2613
 9581
 12780
 17478
 11045
 15766
 16258
 4948
 18430
 6865
 15717
 2485
 18548
 1193
 19656
 16432
 15287
 2558
 17486
 8191
 860
 19872
 10278
 14912
 15374
 3077
 11244
 12688
 19889
 3332
 2787
 10723
 8680
 3729
 8745
 10523
 6420
 19038
 673
 13806
 15315
 18296
 9189
 2157
 1968
 304
 11300
 15293
 18119
 9155
 13851
 15062
 18318
 7325
 5387
 3483
 7235
 14793
 1744
 15973
 10330
 6433
 6381
 8314
 16763
 7321
 6955
 11998
 2933
 19
 15531
 6586
 8565
 16185
 2832
 9340
 1484
 15242
 16272
 494
 19957
 3776
 1238
 3406
 14342
 12562
 18052
 10185
 7663
 4833
 4122
 11960
 15465
 18863
 14588
 6163
 1083
 14776
 1046
 8213
 10090
 3214
 12798
 10920
 10362
 2847
 8600
 412
 4910
 17319
 14536
 2986
 17666
 8071
 18067
 2410
 19019
 19620
 12147
 13377
 4011
 10594
 19426
 16449
 14091
 3965
 15227
 12075
 8350
 3754
 16828
 13326
 5425
 15355
 2445
 18793
 6609
 7844
 6214
 7349
 16159
 8816
 12840
 1485
 17961
 11047
 9117
 17449
 19478
 3855
 11851
 5452
 14125
 1675
 18487
 13192
 19442
 19526
 18201
 10962
 8714
 15968
 7744
 382
 1786
 15706
 7552
 19823
 1610
 19301
 1049
 13914
 3282
 4282
 14877
 5737
 904
 14675
 5203
 7853
 1279
 292
 16011
 13098
 17599
 14214
 14083
 19687
 9784
 2195
 2695
 5521
 17700
 4982
 15985
 1581
 7899
 1462
 15121
 9448
 18687
 11660
 3518
 18579
 7243
 9389
 16031
 11830
 12387
 4494
 2710
 17655
 7012
 13455
 18638
 17048
 17914
 14291
 17356
 3109
 4559
 5279
 6448
 19280
 9630
 455
 16491
 9694
 18418
 11584
 4163
 16846
 1135
 8889
 18813
 574
 5988
 1167
 12776
 10997
 197
 16528
 12527
 11847
 2262
 9975
 15984
 10762
 526
 19216
 11316
 1803
 6996
 14358
 19069
 4386
 4143
 2897
 14331
 642
 15585
 9716
 6241
 19287
 7704
 14054
 5991
 1226
 18923
 18710
 9800
 9076
 9275
 4142
 12976
 14537
 17286
 16056
 6372
 1474
 10380
 14692
 5891
 14087
 10668
 8046
 485
 1460
 1606
 8844
 16601
 19979
 8333
 11530
 14596
 7627
 4507
 8741
 2402
 9012
 17256
 17763
 18556
 9947
 19345
 12973
 14582
 4749
 424
 9397
 5235
 18972
 3110
 18205
 16382
 9104
 6260
 740
 3986
 2325
 15444
 16314
 9197
 9360
 5802
 11793
 18892
 4326
 11577
 4932
 11950
 881
 9761
 10818
 822
 9827
 18583
 3393
 12620
 13082
 1640
 19054
 14292
 8662
 10129
 10127
 8581
 2482
 12727
 13269
 13614
 16429
 10674
 6424
 2469
 11733
 2848
 2087
 3212
 15159
 5084
 19780
 17030
 16485
 8834
 19192
 10740
 11631
 14297
 19396
 7072
 7986
 1189
 8403
 16192
 4985
 11867
 4836
 8331
 5818
 5264
 17056
 19995
 13733
 9574
 6861
 6437
 11090
 4624
 10076
 16168
 2096
 11422
 3125
 9435
 12363
 16995
 10257
 19674
 15059
 13246
 12539
 6483
 14467
 18519
 2105
 14742
 2487
 17843
 897
 3870
 16318
 11192
 17273
 5767
 18712
 16551
 4965
 15021
 18258
 1687
 2564
 1362
 10745
 18785
 13141
 15947
 12800
 13982
 5882
 12302
 9818
 19551
 8840
 2958
 7135
 13358
 10192
 4140
 19614
 8760
 14700
 8292
 4653
 14713
 9147
 262
 13221
 6459
 10153
 12026
 11056
 8279
 6854
 6236
 18734
 1912
 15271
 9456
 8358
 9676
 8788
 15463
 18471
 2803
 17788
 8666
 19534
 18423
 4468
 6671
 9500
 1628
 6890
 3037
 310
 16163
 11677
 10694
 18621
 18800
 2938
 1976
 9337
 19044
 6093
 13457
 3596
 2392
 13675
 18372
 401
 3241
 18207
 15291
 4314
 1175
 5838
 12196
 2382
 19797
 16249
 1447
 14224
 4798
 12002
 17979
 14667
 8832
 15018
 18300
 1384
 629
 1670
 12934
 10079
 19616
 7187
 9408
 530
 12832
 9521
 2880
 5698
 4302
 19831
 5348
 6105
 5118
 15225
 5540
 3718
 3601
 15001
 10700
 14583
 17312
 6912
 14154
 544
 13599
 2114
 4232
 8817
 16853
 12382
 14907
 15187
 5052
 17066
 13270
 583
 5221
 8174
 12375
 12678
 19892
 17691
 14432
 15276
 14440
 1077
 17349
 13697
 2222
 10707
 19958
 13320
 10903
 19129
 2726
 3387
 19333
 17586
 7878
 10749
 1688
 17336
 17075
 3500
 19466
 18121
 16659
 16300
 19693
 3257
 10122
 7609
 1383
 217
 8575
 14863
 10328
 2798
 13584
 6953
 8913
 16523
 5943
 17842
 13295
 7261
 1466
 11726
 11557
 7522
 14470
 4997
 9062
 19031
 18540
 10647
 241
 14329
 4741
 12670
 17039
 16362
 14916
 18627
 19074
 1668
 17686
 9753
 4119
 3284
 11314
 237
 10676
 18297
 19890
 18299
 16067
 10575
 987
 3043
 13605
 729
 13409
 16313
 13779
 6969
 11281
 18077
 18680
 6060
 4043
 12368
 5509
 4224
 4428
 5675
 2229
 12165
 15178
 16958
 6990
 2504
 13452
 19205
 7054
 17159
 1753
 6551
 5250
 3823
 1295
 6625
 13609
 5714
 15358
 14156
 8171
 15118
 117
 9535
 5868
 5317
 13827
 13137
 12205
 9588
 16441
 6473
 3862
 12691
 711
 18766
 5733
 17804
 4097
 14351
 14782
 10910
 3072
 3442
 14458
 16683
 11834
 14098
 10116
 14364
 8232
 19062
 7825
 18222
 10451
 5691
 17343
 1143
 8715
 12393
 15561
 19617
 9656
 6047
 6103
 11130
 19459
 8577
 828
 19297
 18723
 12738
 17887
 1902
 3192
 15392
 11697
 11734
 14008
 16288
 5654
 3830
 15663
 5903
 17150
 5467
 13128
 4877
 13219
 10923
 16176
 5798
 11694
 4096
 2891
 10487
 15523
 1080
 7829
 7428
 2808
 15877
 2046
 1486
 16025
 18777
 19186
 5044
 444
 7302
 13838
 17481
 12460
 9293
 18231
 9228
 1208
 10533
 6807
 11160
 19577
 1680
 8837
 13920
 3582
 16427
 6112
 11040
 2398
 1146
 9132
 8261
 6261
 17418
 11071
 2249
 8193
 15103
 9243
 15161
 3356
 5685
 17578
 16091
 7503
 16404
 13752
 6721
 982
 18486
 6951
 18127
 3209
 5135
 10473
 9559
 1972
 13510
 6310
 5302
 14705
 14663
 11038
 1727
 658
 5459
 1714
 9063
 10351
 17263
 18721
 9108
 6765
 16657
 4509
 10354
 13132
 6702
 6505
 2499
 13356
 17166
 10992
 12570
 8461
 12477
 8329
 1272
 13244
 6110
 8065
 1506
 4907
 7914
 1147
 16402
 14831
 7993
 7947
 5720
 759
 5995
 10077
 1053
 4504
 608
 9458
 2541
 9852
 8266
 3210
 2177
 3755
 6246
 712
 4300
 10174
 10120
 14094
 2032
 14918
 12930
 7096
 15125
 16
 19429
 17366
 8625
 18622
 3189
 9487
 1245
 8994
 2925
 3429
 11528
 15114
 11028
 16945
 1180
 8127
 11792
 11926
 3683
 7169
 18219
 9610
 13986
 2685
 11759
 13398
 16365
 8309
 13037
 18149
 17626
 2744
 12816
 11502
 13
 4353
 16970
 5824
 18870
 16199
 13692
 13522
 21
 7092
 17401
 19189
 12500
 19443
 5744
 18461
 14280
 2397
 5384
 5097
 12307
 19786
 18729
 2526
 9870
 18152
 18363
 14704
 5423
 12849
 4993
 15933
 14242
 17137
 14269
 10617
 14616
 15338
 16371
 17171
 11798
 6991
 19922
 17351
 16996
 13277
 9242
 7441
 1368
 10577
 17964
 19488
 16611
 5395
 13930
 1572
 6269
 8895
 1029
 3638
 5312
 19838
 2530
 10813
 4550
 12326
 1964
 10895
 6002
 5134
 14
 10031
 12779
 7155
 17874
 17496
 12916
 13624
 8890
 2450
 10798
 5362
 7888
 11415
 19646
 16817
 8878
 15652
 14377
 9082
 15310
 13844
 1326
 19302
 15343
 7773
 4536
 9774
 12388
 17920
 15633
 14396
 10536
 1555
 3515
 13903
 16594
 5396
 13261
 10894
 6739
 4683
 13971
 15956
 3061
 6607
 16760
 17362
 15753
 11223
 14095
 12447
 13115
 10808
 17008
 5902
 19221
 10769
 543
 2219
 11307
 4937
 9529
 8601
 2176
 10750
 11939
 9194
 9872
 11776
 19504
 15741
 3126
 9365
 5371
 13152
 2874
 5238
 10509
 14852
 2769
 10248
 8850
 5975
 11927
 12713
 8396
 9180
 19840
 6632
 19857
 519
 13780
 14109
 6025
 16190
 7502
 1768
 7393
 6652
 8149
 8083
 13523
 4216
 5184
 16149
 19648
 6906
 6598
 3120
 14796
 8356
 14082
 14419
 1258
 505
 2416
 4677
 19678
 19706
 13924
 15456
 15145
 16701
 19704
 5557
 3627
 8969
 3883
 3558
 16005
 2412
 1747
 10778
 19747
 18125
 6546
 1310
 15804
 14609
 4966
 10630
 5174
 2058
 18802
 14787
 10529
 17024
 5418
 14541
 8433
 16083
 17811
 2406
 9941
 11032
 8690
 4181
 6792
 2665
 17227
 1472
 12453
 4006
 2334
 17633
 10155
 18684
 14043
 15209
 17800
 5762
 18159
 2230
 13149
 19135
 17028
 7534
 4837
 301
 14837
 13691
 13189
 15132
 9312
 7386
 19258
 9904
 19131
 1110
 8214
 621
 2375
 350
 11194
 12374
 13818
 4512
 500
 12975
 15063
 13828
 8755
 4753
 13371
 12298
 1130
 7450
 11018
 5457
 14336
 7289
 18455
 18326
 11597
 6877
 17554
 12105
 4198
 8661
 7717
 975
 453
 1874
 4450
 7201
 12595
 17845
 6326
 7975
 3764
 6356
 19207
 7708
 18561
 6138
 11389
 4136
 16196
 895
 6793
 1139
 936
 12836
 13515
 16148
 6137
 1942
 6934
 13360
 3697
 19307
 7917
 8758
 16378
 12494
 17612
 8409
 8481
 9846
 16469
 10342
 7696
 15745
 11810
 2855
 9174
 4102
 5617
 3012
 2414
 2083
 8399
 9119
 13321
 566
 2672
 18113
 12646
 18997
 15363
 14105
 11666
 16929
 180
 18217
 5089
 3503
 6937
 9932
 5443
 16357
 3674
 9589
 1663
 6610
 9017
 8876
 5147
 1592
 10288
 5189
 17388
 8764
 11512
 18272
 16203
 13877
 17942
 3348
 12480
 8513
 16669
 17672
 771
 13528
 359
 19699
 18841
 19322
 15467
 4159
 8824
 4934
 2051
 13495
 7308
 15977
 8373
 12606
 16881
 2686
 5579
 7109
 16108
 5382
 3533
 9072
 16825
 14408
 3446
 2720
 2553
 16699
 3516
 12348
 6612
 3489
 708
 5560
 1609
 19447
 2679
 429
 10623
 13239
 17218
 9654
 3476
 4811
 11336
 17602
 10878
 13050
 18253
 517
 18104
 4771
 2752
 4079
 14957
 480
 1541
 9496
 7080
 13600
 2690
 5471
 454
 13874
 7305
 3054
 19365
 13583
 8948
 5847
 13507
 3600
 6469
 12077
 1207
 15419
 16597
 18441
 11754
 9959
 15175
 15260
 14078
 12889
 892
 15133
 7892
 12046
 13989
 19597
 1374
 14856
 19812
 7007
 17620
 16061
 16986
 4373
 11945
 18586
 18914
 18663
 19077
 6070
 13101
 4735
 17687
 7689
 11384
 4691
 15106
 5095
 8141
 9061
 6569
 486
 14884
 18389
 9698
 14594
 18963
 13589
 12764
 808
 6156
 16456
 7313
 6509
 8398
 14246
 18620
 8689
 16100
 19481
 6956
 13114
 6517
 13766
 8108
 7020
 7983
 7238
 5137
 1200
 14832
 18013
 17767
 10118
 11092
 8133
 5715
 12283
 8407
 4054
 19051
 18110
 5277
 6669
 7800
 17985
 2894
 684
 6291
 13052
 5441
 19715
 14998
 18683
 260
 8271
 13538
 9792
 7240
 10389
 4258
 3468
 14057
 12032
 9795
 6568
 16978
 1771
 5547
 14554
 13419
 10639
 14811
 17706
 6480
 12817
 17759
 16092
 6946
 16271
 6803
 18932
 5968
 2731
 2158
 16989
 19132
 5116
 8064
 16957
 12537
 18082
 6998
 17587
 12648
 15963
 12909
 10524
 1038
 16892
 19595
 3699
 11444
 11401
 17191
 2466
 8594
 15251
 5601
 8522
 9516
 18344
 6011
 13980
 5871
 11469
 3502
 7670
 11073
 13460
 6707
 2834
 3753
 8134
 10395
 7785
 10727
 12582
 5388
 2765
 3201
 1445
 16509
 3659
 7538
 18245
 8797
 18759
 16309
 10779
 11308
 13729
 6864
 11204
 1750
 14392
 1583
 17826
 11581
 12407
 104
 10821
 15089
 1798
 7504
 14341
 3987
 15171
 15509
 14949
 6901
 8647
 7119
 5456
 15723
 8784
 11250
 2066
 5114
 15705
 73
 16436
 19120
 392
 11553
 16531
 9668
 7454
 1023
 7018
 3351
 4289
 9771
 6697
 8471
 4227
 9773
 17713
 5140
 18315
 19915
 19937
 9475
 3276
 18060
 15536
 1039
 1544
 3039
 14605
 7461
 5346
 1828
 15143
 19163
 14123
 9354
 11118
 14194
 14361
 3462
 1275
 6113
 12548
 16335
 7074
 415
 3339
 14159
 19841
 13725
 8761
 13530
 4334
 627
 8036
 18188
 3150
 2764
 15704
 1265
 16385
 10859
 15412
 5639
 17096
 15911
 18051
 343
 10553
 2579
 17699
 12206
 3833
 14005
 8664
 6463
 16463
 9648
 14370
 18211
 633
 12191
 1269
 19434
 11695
 13157
 9899
 3588
 16381
 10300
 1915
 5275
 4622
 17581
 12634
 12983
 14473
 11470
 7019
 3664
 4621
 268
 19561
 6673
 18527
 12274
 592
 18827
 6675
 7946
 7389
 17921
 10926
 16298
 8767
 16037
 14680
 14838
 18018
 4886
 5512
 3316
 10944
 5068
 18544
 18238
 3511
 13364
 10435
 6495
 5299
 17514
 12604
 3622
 18913
 3970
 2168
 4269
 11455
 12404
 2287
 13681
 5090
 3249
 11295
 16334
 6889
 11190
 7600
 3583
 7350
 10037
 16604
 12287
 8057
 5111
 5080
 9613
 10906
 11716
 18500
 8236
 11732
 7143
 12524
 14610
 17875
 12791
 191
 6108
 1073
 15866
 5618
 5038
 1370
 17517
 8449
 9251
 4114
 18571
 14041
 8050
 7781
 9896
 11087
 15817
 10807
 11779
 6763
 17221
 9519
 12125
 13043
 6082
 17220
 4262
 2319
 13481
 243
 14800
 3107
 13258
 7623
 10290
 9258
 12137
 8406
 9700
 7200
 19219
 2280
 8892
 11860
 9499
 18161
 2583
 1393
 4713
 14495
 17552
 7530
 14080
 14744
 19565
 16875
 18725
 6264
 17434
 4235
 18609
 2875
 5960
 6731
 7794
 2148
 5282
 12338
 17421
 9973
 19146
 19801
 17764
 11842
 13477
 9935
 19647
 18324
 14015
 19109
 13487
 13113
 11276
 7898
 3040
 11501
 17712
 4484
 10270
 15638
 474
 19548
 14833
 14317
 6359
 9512
 9463
 1901
 3782
 9765
 11572
 174
 2783
 12487
 18230
 992
 3364
 3724
 14010
 3177
 335
 5556
 13789
 1797
 12742
 15495
 4762
 18895
 14619
 5474
 8009
 864
 2622
 17707
 9410
 3629
 16169
 8696
 3684
 5410
 7799
 7749
 7430
 18462
 1789
 4583
 9898
 567
 2998
 10993
 19587
 9666
 2637
 19981
 18801
 15079
 3788
 2910
 19227
 5770
 4556
 2409
 1534
 6179
 16694
 4737
 490
 3985
 8779
 8728
 12445
 19802
 10963
 6040
 15643
 13421
 16261
 12419
 1131
 6320
 17616
 8723
 16102
 18706
 5241
 13579
 3405
 17632
 700
 16392
 13415
 11747
 17668
 18043
 6339
 15730
 9798
 3688
 14448
 8897
 11735
 18319
 4448
 4715
 14076
 5375
 8957
 15631
 10420
 9144
 8165
 7306
 16568
 4493
 11799
 15602
 11659
 13723
 19355
 12700
 3875
 2633
 4519
 1824
 8650
 840
 18482
 13396
 8383
 1909
 16830
 19965
 7182
 9288
 18273
 10252
 5522
 19251
 5633
 17068
 13120
 8128
 7370
 9416
 7320
 19502
 10955
 4137
 16050
 9453
 65
 12835
 5586
 13303
 9151
 13775
 2034
 685
 7465
 16578
 10329
 2133
 2173
 13465
 19276
 133
 3092
 6274
 9100
 5124
 17781
 17183
 5202
 10702
 4760
 3087
 8392
 15157
 7296
 2427
 13063
 12598
 2170
 13169
 1456
 10361
 4265
 19275
 16194
 1240
 5863
 35
 1933
 18505
 9573
 16098
 2762
 15593
 8177
 5709
 661
 6510
 14755
 16172
 6974
 2479
 4708
 2717
 16195
 7190
 10582
 3762
 14743
 4732
 8492
 9569
 4950
 17408
 4514
 9169
 16289
 4134
 9835
 18003
 13945
 734
 2989
 8939
 1093
 8186
 11324
 12395
 15572
 15319
 19419
 14152
 6143
 9695
 16239
 9205
 7818
 6783
 1345
 10995
 14941
 3932
 9636
 680
 1508
 4173
 758
 6727
 9714
 15960
 5455
 10205
 2435
 13285
 15345
 14557
 12781
 18008
 4586
 1469
 18334
 19096
 752
 7940
 4009
 18781
 3306
 16325
 736
 19170
 4694
 6583
 1091
 7006
 16150
 13749
 9231
 15755
 4317
 14657
 17126
 7199
 12848
 1387
 10221
 8898
 17017
 18216
 16847
 4240
 19474
 240
 9931
 17170
 4132
 18330
 10315
 16062
 9262
 2645
 12281
 2593
 17547
 1354
 11884
 1691
 16981
 5361
 1788
 15055
 10007
 4611
 6468
 11341
 11888
 15514
 15152
 11188
 957
 14326
 18434
 1254
 6159
 15433
 13972
 12977
 8164
 11340
 14518
 9833
 3146
 199
 13438
 12753
 3940
 9363
 11298
 15186
 13289
 18642
 16474
 18555
 15372
 9030
 7417
 18485
 2562
 9937
 10363
 8276
 18466
 10863
 16956
 12427
 13489
 4422
 3615
 3690
 4081
 10273
 11359
 17308
 8703
 1880
 7234
 3944
 5748
 692
 12058
 6439
 7309
 11593
 3173
 1654
 14075
 12176
 5831
 18413
 2854
 3945
 13247
 3253
 12158
 17202
 13931
 2500
 994
 7108
 4320
 8579
 12479
 2666
 3530
 5529
 5848
 17382
 4033
 19978
 3319
 19689
 11906
 9644
 10672
 4339
 12744
 17780
 12239
 19874
 11871
 15573
 5214
 4199
 675
 11979
 17593
 4718
 13899
 13459
 13615
 9977
 18283
 14585
 18934
 3425
 19657
 4461
 18465
 16154
 16497
 10651
 1304
 8606
 3889
 532
 9366
 14539
 1281
 7162
 15306
 13226
 16618
 19106
 765
 16962
 9050
 16043
 19032
 3033
 10013
 18788
 16586
 12560
 4821
 16716
 18091
 7743
 5380
 19361
 14773
 9877
 17063
 11787
 7493
 11514
 9934
 13138
 6984
 6304
 18977
 13199
 13035
 13990
 930
 11404
 15008
 2799
 9038
 2903
 11042
 10791
 19167
 2843
 17284
 15550
 14204
 11876
 2429
 6106
 14128
 10586
 19947
 9040
 9042
 9909
 19635
 16748
 5849
 12406
 13281
 3157
 14131
 5057
 6389
 2210
 10121
 192
 5919
 16479
 14394
 18155
 11064
 11796
 15384
 14348
 1425
 19896
 15277
 18918
 1898
 135
 2751
 7295
 18792
 6729
 10635
 9767
 13763
 7762
 2110
 6522
 1214
 17431
 473
 9373
 8483
 18338
 10505
 14761
 13927
 7330
 11286
 19718
 18412
 14802
 14561
 8649
 5141
 377
 8748
 9585
 8979
 19527
 7124
 16287
 11738
 2254
 5231
 10566
 13372
 12291
 1623
 8224
 16248
 1664
 7615
 6318
 11786
 6412
 17270
 4167
 14584
 1000
 9332
 11452
 16518
 3510
 18107
 12340
 14350
 17903
 13792
 265
 12030
 8938
 4374
 3783
 7211
 8949
 13345
 19861
 66
 13673
 144
 11844
 13861
 17147
 3199
 7774
 13041
 17847
 13716
 17466
 16542
 3011
 16003
 18749
 15488
 2757
 9374
 7854
 14509
 15131
 13995
 10958
 19463
 7838
 13849
 13551
 10480
 5146
 3797
 16993
 12621
 4166
 15222
 17257
 8739
 14056
 2626
 9124
 3694
 15303
 6452
 6472
 17254
 6507
 1740
 349
 15244
 7251
 16615
 19517
 19703
 12398
 2715
 10667
 13463
 5385
 9759
 4209
 14367
 571
 13929
 3560
 16000
 18856
 7652
 8411
 18748
 11980
 9000
 11059
 15969
 12996
 16103
 19021
 8467
 14439
 15210
 3472
 11582
 14337
 5234
 9392
 14810
 4546
 6166
 2481
 9919
 5604
 15295
 19625
 7884
 5623
 7480
 1378
 13381
 19984
 8558
 2452
 9660
 10621
 17758
 8042
 17313
 11205
 1128
 1646
 16637
 13519
 11220
 15809
 18767
 5785
 1150
 5886
 5324
 18136
 2193
 703
 8982
 9587
 18699
 2616
 8768
 14260
 19144
 3818
 2408
 7031
 6887
 14573
 10607
 6396
 2181
 11986
 3014
 640
 9183
 18512
 10317
 10941
 2417
 2443
 13024
 19691
 7842
 7314
 4392
 13575
 19099
 10801
 7156
 18877
 16459
 10404
 3435
 8308
 5753
 16071
 1957
 3529
 6700
 8003
 10472
 9897
 2819
 13976
 11351
 5895
 15896
 16135
 3775
 3490
 3896
 3548
 11705
 8668
 3806
 8655
 3645
 2484
 11156
 6681
 4152
 7055
 7044
 6259
 17579
 16808
 7822
 16089
 12772
 3576
 16893
 19727
 11607
 17139
 11137
 6211
 5102
 4705
 11579
 16265
 19543
 18214
 12863
 15164
 16254
 324
 13781
 3977
 8985
 15603
 3813
 15606
 6226
 3800
 5288
 18689
 8493
 9177
 16115
 17007
 2422
 17751
 266
 2829
 12208
 13500
 4566
 193
 15972
 18779
 14114
 330
 16142
 17132
 10767
 10585
 2548
 13571
 14905
 710
 4803
 19247
 15443
 4781
 7725
 6881
 10016
 4700
 14161
 9933
 13993
 14947
 14012
 18122
 16081
 17697
 15169
 13188
 9289
 3287
 9214
 5678
 15339
 10194
 15854
 16186
 11790
 5893
 9907
 4984
 18775
 9900
 10541
 10156
 15517
 10272
 10390
 6455
 1021
 17924
 2043
 1554
 8847
 17585
 9033
 2893
 7456
 9821
 19353
 9459
 8107
 2697
 9762
 16617
 14324
 16590
 998
 13428
 18992
 12579
 11445
 19161
 1293
 17733
 689
 4050
 6140
 7334
 11932
 11021
 11297
 3166
 17907
 4101
 8926
 8334
 13304
 13393
 5499
 17622
 7401
 2138
 15637
 17444
 18900
 18221
 19652
 8681
 14038
 8843
 1489
 17208
 4938
 2236
 2380
 14157
 4348
 12787
 12280
 17576
 4113
 3703
 17900
 16198
 13184
 3477
 3248
 8634
 13127
 3651
 1945
 742
 18042
 19496
 14182
 6136
 556
 11910
 3749
 18304
 6726
 12695
 6618
 7563
 12011
 19122
 4381
 488
 6855
 15320
 16481
 13900
 19029
 17226
 1316
 15770
 11377
 18798
 19685
 18433
 4537
 14178
 17534
 14389
 4129
 14901
 13684
 16955
 11859
 1055
 6617
 19576
 15543
 11100
 1358
 9226
 8628
 3931
 18158
 7872
 6714
 5287
 4840
 17836
 7942
 12142
 12841
 14997
 6929
 15982
 15378
 5778
 2126
 17638
 9320
 15799
 8061
 13216
 1722
 2154
 17991
 15919
 18237
 890
 10461
 18360
 3564
 14886
 13923
 19107
 15464
 5971
 15119
 10423
 10567
 15076
 15219
 16438
 2055
 2955
 6427
 19808
 16415
 14285
 12897
 4318
 11889
 4200
 17643
 19390
 18137
 5010
 1878
 17081
 5129
 3281
 19734
 12508
 19832
 121
 2624
 3042
 4008
 16914
 12912
 1577
 2745
 16488
 16789
 18084
 18172
 666
 10598
 3312
 6808
 13475
 15088
 19544
 17670
 4239
 12584
 15077
 14136
 11096
 11001
 8420
 15742
 14989
 10619
 17810
 19076
 4510
 10325
 15387
 9733
 16544
 6978
 18035
 17287
 14847
 18252
 17350
 14887
 136
 16349
 11648
 7587
 525
 9092
 5931
 10306
 13394
 19114
 17718
 18167
 10644
 9557
 15555
 15347
 11050
 15601
 16919
 11406
 8610
 6806
 19486
 6894
 17932
 15466
 8345
 19388
 1634
 15480
 14870
 4155
 6799
 16796
 1006
 12156
 13243
 19070
 15022
 6410
 10457
 19281
 4548
 2936
 14426
 1526
 2273
 13248
 14977
 4758
 1074
 19664
 5389
 9697
 18102
 15399
 12116
 8374
 10974
 12391
 13153
 19175
 5952
 11026
 14223
 18309
 7097
 19850
 2653
 14493
 1598
 5311
 9362
 7036
 2990
 9791
 5392
 6343
 6506
 5844
 15826
 3750
 4349
 15236
 11781
 11653
 10184
 956
 10372
 19052
 15690
 18341
 10721
 16940
 13894
 6023
 8076
 11752
 10756
 18741
 10583
 18784
 18114
 9752
 17378
 7952
 4511
 16387
 397
 1979
 8555
 1913
 2591
 1622
 10588
 2525
 19391
 19916
 10488
 1920
 17050
 648
 6557
 294
 3607
 6648
 15151
 15534
 4165
 16780
 2472
 3329
 3136
 8430
 7394
 15786
 5765
 10197
 2356
 7093
 914
 1681
 6387
 4128
 11817
 5602
 6750
 10670
 6254
 3245
 785
 7871
 18267
 16692
 7508
 17731
 5378
 10832
 7910
 5360
 17753
 12536
 2948
 9070
 12266
 15388
 14475
 19359
 8984
 18597
 1611
 12669
 14497
 14003
 14100
 13908
 19636
 1701
 2004
 11034
 4406
 18181
 5347
 7339
 8252
 12473
 14635
 17955
 14165
 9393
 18170
 15094
 3226
 14872
 2059
 8282
 12118
 11474
 7123
 16705
 14425
 3135
 2117
 11065
 1429
 17090
 3059
 1033
 487
 3353
 3238
 12362
 18508
 1697
 2336
 10152
 5553
 12222
 9411
 5316
 19005
 2370
 2857
 709
 12736
 9675
 1777
 15942
 14360
 3805
 4497
 14953
 15744
 7331
 20000
 11063
 10542
 9423
 4503
 11902
 14638
 8386
 9382
 7722
 3261
 6844
 12246
 14671
 9596
 16749
 11962
 17423
 6634
 19386
 11670
 14250
 4599
 9157
 13424
 312
 6453
 17000
 18896
 14611
 12661
 16151
 17370
 16754
 18507
 6445
 8617
 12924
 3344
 10112
 16175
 5481
 12755
 9652
 5061
 12273
 9806
 14346
 10519
 4236
 6544
 593
 13812
 14318
 9068
 15511
 14807
 16044
 1209
 12502
 6216
 8319
 6340
 4879
 10141
 10417
 11566
 12725
 18240
 12603
 1047
 274
 7176
 11567
 19726
 13974
 9160
 6153
 17477
 12761
 14227
 13145
 6282
 8129
 3437
 8743
 18182
 13910
 12408
 15700
 16004
 4634
 2313
 17617
 3233
 13485
 2315
 7419
 5826
 11712
 4521
 13442
 9956
 17840
 15421
 8432
 3857
 17994
 1197
 19918
 13969
 6931
 17070
 14976
 1629
 14070
 19328
 4383
 6902
 722
 5648
 9167
 10853
 6828
 3193
 10336
 11352
 12339
 17295
 8559
 18517
 7082
 14540
 16366
 4110
 18651
 4904
 11465
 11002
 8593
 8375
 15205
 4253
 12853
 11916
 14925
 10126
 8704
 9793
 7487
 4555
 3505
 13154
 8711
 1252
 19462
 18671
 19783
 8067
 10824
 15622
 14814
 17503
 15135
 15202
 10921
 5500
 15889
 18937
 8179
 18312
 15612
 15746
 1588
 13708
 2688
 10814
 1586
 12968
 14062
 7984
 19375
 14975
 7732
 10014
 16672
 4458
 9969
 17235
 6853
 4935
 19716
 16036
 9087
 9101
 3648
 7179
 10877
 1203
 3288
 5665
 7065
 10475
 9171
 19272
 13660
 433
 4249
 18394
 2102
 15486
 19974
 10428
 10392
 5679
 1346
 6195
 57
 4299
 17213
 4118
 11689
 16201
 16841
 8154
 19619
 10693
 15149
 5322
 4020
 16268
 10225
 247
 13556
 4364
 11003
 17247
 12771
 3215
 13395
 10844
 13810
 3835
 3013
 535
 14896
 10109
 4070
 7076
 13092
 13425
 2951
 19884
 19854
 19165
 7955
 10251
 7167
 18064
 14387
 8479
 7545
 5577
 18587
 15044
 6376
 5920
 11548
 187
 12431
 13227
 10044
 14542
 12237
 16674
 4848
 14262
 14775
 17928
 8238
 7148
 1256
 9836
 17018
 9454
 11037
 1548
 12235
 4813
 15616
 10000
 12911
 8045
 17340
 3998
 14798
 16033
 15130
 2603
 913
 13229
 10051
 14613
 16305
 6725
 9386
 14702
 19369
 8920
 13670
 2377
 5039
 17567
 9331
 13581
 9484
 14004
 12483
 19807
 9295
 17275
 15424
 8297
 4553
 6228
 4287
 17819
 2163
 3070
 11905
 12141
 7562
 8792
 10256
 18947
 17539
 958
 7290
 13655
 9385
 14452
 5495
 4279
 14212
 14990
 17012
 5350
 5564
 19624
 14986
 11709
 9902
 18830
 3374
 3711
 7106
 17316
 11745
 16806
 5901
 5912
 17178
 1396
 17738
 7945
 14869
 4617
 16773
 16123
 11806
 9776
 10383
 13845
 11425
 18842
 16871
 10654
 19741
 10324
 2214
 1573
 1593
 11983
 10033
 8870
 2496
 8858
 555
 1726
 2298
 8285
 13705
 18353
 1170
 17161
 16101
 15579
 19468
 12613
 7215
 12434
 13962
 19663
 9536
 14170
 7823
 7212
 4978
 3101
 2737
 13973
 10954
 4516
 12718
 11693
 1549
 10794
 18608
 15090
 2559
 14862
 1444
 13292
 17533
 9020
 19732
 5517
 10006
 996
 799
 1699
 6161
 13740
 9439
 11388
 6419
 887
 13133
 1372
 10490
 10685
 8521
 1925
 9768
 2172
 11805
 163
 19445
 19559
 7841
 12651
 8853
 2149
 7778
 7087
 16556
 13821
 4250
 6321
 18996
 636
 6917
 17792
 14042
 16920
 18276
 16040
 5476
 16006
 9634
 16162
 16564
 5944
 6126
 8068
 11200
 10479
 12632
 2937
 1002
 11729
 2467
 3267
 12054
 3758
 3121
 14750
 6817
 6098
 13638
 10119
 10792
 10559
 10897
 8919
 19948
 15554
 18807
 12846
 18539
 12766
 18726
 13331
 8810
 15375
 17589
 4045
 5619
 1048
 18468
 12861
 5397
 16275
 17083
 19501
 17001
 3337
 15568
 19749
 18737
 2630
 4437
 11376
 9097
 14139
 4826
 4724
 1337
 9612
 14278
 5997
 9247
 11322
 4309
 10499
 5787
 3207
 1291
 18506
 10717
 12517
 5884
 3082
 5366
 14187
 14895
 17639
 7527
 676
 19013
 15316
 7171
 2490
 10138
 19174
 1027
 18529
 10826
 17374
 2099
 4472
 16954
 18437
 2576
 16968
 11696
 14772
 13928
 7207
 10229
 17807
 13978
 3211
 10128
 11127
 5142
 10161
 15845
 10294
 3116
 5293
 9086
 14181
 16823
 2820
 5906
 16494
 9336
 2331
 4974
 11321
 18635
 14177
 19090
 5258
 8140
 15460
 10738
 16140
 15976
 17179
 5498
 9437
 3565
 14740
 2824
 15607
 3969
 15122
 3791
 12269
 16745
 8478
 14604
 19865
 15249
 11146
 17841
 15772
 15366
 2942
 13337
 5996
 10246
 302
 9564
 2002
 16816
 2486
 9185
 19224
 388
 18849
 4217
 16653
 6857
 8733
 10758
 17347
 2612
 3646
 19485
 12410
 10469
 1164
 8517
 15364
 13998
 5809
 17709
 4226
 15697
 10799
 10356
 9300
 18196
 2256
 14344
 19154
 4531
 8227
 18606
 1897
 3731
 16439
 2978
 12342
 16510
 9611
 384
 6213
 4759
 7992
 14891
 6303
 5993
 13202
 12160
 13517
 1179
 13366
 14969
 18456
 14519
 16909
 3412
 11575
 11699
 1759
 6968
 7052
 9384
 533
 3929
 17660
 1458
 19268
 2858
 6185
 7361
 3702
 6328
 12980
 2581
 2201
 18521
 7050
 7653
 17133
 11608
 8069
 8257
 8280
 7244
 10912
 10149
 16470
 4873
 181
 10089
 4305
 3439
 15712
 8110
 11481
 3204
 549
 687
 3902
 6301
 6552
 19454
 2964
 11070
 17480
 8233
 16680
 7064
 10220
 14678
 13197
 1974
 7150
 19899
 11637
 8540
 13885
 19723
 8103
 18225
 5168
 17450
 877
 16138
 7166
 8293
 13379
 12172
 5252
 9597
 19035
 12515
 12902
 10019
 6661
 6073
 7632
 11108
 2020
 18538
 11486
 12018
 17608
 884
 13912
 8519
 15368
 10238
 15937
 12945
 17558
 11259
 16502
 6819
 18880
 17233
 10394
 976
 19972
 7657
 16776
 5674
 9832
 12782
 4619
 7680
 14110
 3308
 11151
 12555
 5738
 15659
 3419
 9052
 15065
 17175
 10760
 8062
 12053
 14029
 18378
 460
 2123
 9244
 4663
 11724
 13276
 18599
 10925
 10212
 18825
 9687
 6543
 10633
 10698
 5662
 9019
 12267
 17934
 492
 18589
 19777
 11333
 15500
 15688
 9727
 15354
 13418
 1630
 1537
 3618
 19529
 2878
 1331
 16613
 17553
 10828
 391
 37
 14580
 16565
 10660
 12092
 13547
 8825
 659
 2104
 12971
 15043
 7193
 9215
 7784
 2134
 2700
 18658
 17058
 13327
 2608
 1872
 10521
 14365
 18834
 16890
 16161
 11971
 11036
 18031
 3653
 5741
 13090
 11046
 1092
 18025
 2999
 6386
 2977
 15542
 12593
 3386
 1653
 15948
 3649
 13769
 14933
 2779
 7355
 4673
 9861
 13694
 714
 5531
 18617
 3038
 970
 15288
 3822
 16141
 18393
 131
 10538
 7318
 13565
 14180
 6534
 16440
 5881
 9730
 18348
 4638
 10055
 19374
 18835
 4154
 17381
 11624
 17196
 11780
 19441
 14860
 664
 16630
 12696
 18215
 4868
 682
 15454
 5468
 16610
 5107
 18688
 1692
 14243
 15093
 9022
 3487
 3005
 8291
 19814
 7832
 12535
 13715
 9706
 2681
 5132
 8510
 11646
 7787
 17111
 19366
 6482
 14813
 7925
 19142
 7610
 2065
 9447
 16606
 17692
 6666
 15900
 100
 10500
 1477
 18966
 7255
 6811
 435
 1999
 17747
 3280
 5930
 5966
 11280
 18731
 11947
 12245
 12109
 12809
 3860
 17389
 8486
 1671
 6428
 2537
 8751
 19016
 16424
 6079
 1928
 16252
 12949
 16076
 12532
 8524
 11816
 9963
 8977
 4769
 9014
 16042
 12367
 10459
 11069
 12905
 3832
 5689
 7281
 15081
 3613
 1513
 9635
 14526
 8137
 9121
 10092
 7017
 15689
 15645
 7718
 7292
 5910
 5050
 11110
 2155
 19263
 7492
 19560
 19346
 8656
 10165
 14658
 2144
 10905
 13617
 14433
 8355
 15581
 9788
 1253
 6846
 7621
 2103
 18027
 17122
 5442
 9009
 3617
 4661
 8338
 4885
 618
 296
 15632
 17140
 3273
