 8108
 15399
 1974
 17629
 5362
 6183
 3789
 18489
 11888
 15993
 10958
 7200
 4512
 8748
 17193
 4348
 8298
 4165
 11806
 8828
 11821
 17452
 18768
 1081
 11647
 15742
 19831
 9304
 11530
 15609
 16955
 14395
 11793
 19704
 17044
 3940
 17686
 10350
 18365
 2344
 19258
 10524
 3059
 16418
 13082
 19487
 17015
 5856
 12754
 17731
 54
 1894
 7410
 8361
 16387
 19699
 4141
 566
 262
 2333
 5724
 8379
 5284
 3513
 8784
 11892
 3043
 631
 10851
 7646
 3775
 11939
 5214
 19952
 19772
 2666
 8754
 12416
 1577
 2066
 14261
 14374
 12395
 15242
 10013
 9819
 15940
 5375
 9732
 5677
 10554
 17466
 14148
 3773
 18170
 15066
 7457
 13243
 2302
 2910
 12598
 5412
 16040
 2358
 7947
 3987
 19642
 12540
 6837
 16301
 6031
 16732
 19272
 8409
 19005
 8766
 7170
 5486
 11365
 8585
 4599
 2483
 1343
 16864
 563
 16045
 4700
 11678
 1377
 5115
 16126
 12780
 10381
 14038
 2402
 4138
 13449
 14943
 7981
 3276
 962
 15322
 3832
 2948
 7306
 35
 11504
 13889
 8180
 9244
 3305
 11287
 15094
 583
 7182
 16919
 11945
 4996
 16568
 2029
 17907
 14468
 15893
 6433
 11205
 6025
 2443
 16219
 11593
 11417
 524
 3868
 8966
 14341
 1158
 4182
 11779
 8419
 2322
 6002
 12053
 7336
 708
 14094
 4949
 10075
 8863
 5395
 5995
 16754
 181
 5579
 19596
 12808
 13028
 18842
 19465
 9299
 12015
 4989
 13498
 18835
 17604
 13837
 2602
 9884
 9277
 8816
 12018
 12922
 6103
 597
 1397
 16800
 10383
 873
 8051
 10240
 11932
 15106
 14325
 15580
 17559
 1647
 14139
 6857
 11128
 7325
 19770
 15896
 13997
 8469
 2076
 12165
 3972
 18794
 11212
 2465
 12485
 13278
 10951
 12032
 6756
 700
 3173
 12909
 2799
 13393
 9168
 7015
