 14954
 532
 16672
 12911
 9630
 11026
 9197
 19548
 8402
 4305
 19240
 7381
 12178
 7237
 12860
 18063
 14808
 15270
 2437
 8894
 9521
 1461
 18055
 18239
 549
 7831
 1806
 18271
 17815
 14289
 13381
 18910
 10332
 9780
 1684
 9040
 1943
 12376
 10894
 8758
 10173
 2446
 12698
 1107
 8817
 18770
 17622
 16386
 3376
 18606
 8471
 11194
 15557
 19274
 19492
 9123
 17913
 11020
 4275
 17007
 660
 3395
 10549
 19374
 2575
 19409
 2297
 5174
 3699
 4196
 2281
 18151
 3018
 18166
 9239
 7674
 6143
 11601
 447
 624
 17294
 19737
 14599
 12926
 4558
 1701
 14779
 16173
 7270
 11232
 1322
 2958
 10146
 1522
 13747
 6228
 4042
 8327
 8434
 13076
 19427
 9374
 10735
 9518
 8319
 11735
 18696
 11401
 5862
 10620
 1077
 18027
 5048
 7751
 1770
 10628
 2947
 10239
 16531
 3035
 9851
 16921
 7213
 2981
 802
 1972
 13929
 2168
 2544
 14458
 14660
 15218
 3674
 18603
 10714
 14191
 19198
 10803
 11442
 509
 19292
 6526
 16067
 7827
 19570
 18765
 40
 8979
 1707
 9686
 16769
 12517
 4893
 18165
 18146
 6307
 15895
 18143
 19733
 7530
 12659
 13193
 5406
 13388
 17237
 8032
 3781
 6208
 10905
 835
 103
 19414
 17865
 15146
 12949
 17964
 1832
 11337
 6452
 16441
 13097
 16814
 11582
 674
 876
 7409
 2704
 5635
 9745
 5061
 3277
 11155
 9649
 372
 9927
 19855
 10268
 9903
 3255
 4855
 1969
 8613
 5324
 11066
 4745
 480
 1917
 16568
 17584
 3275
 6913
 12185
 3494
 9622
 19583
 9267
 15805
 7786
 13207
 1976
 15792
 253
 6294
 12071
 9594
 10431
 6244
 16247
 342
 14991
 9372
 14242
 754
 13347
 14892
 18582
 11427
 9587
 2831
 17592
 3163
 11788
 19130
 8713
 15561
 11311
 19704
 13737
 5034
 13439
 9807
 3822
 15998
 19295
 16011
 13354
 14887
 19165
 2977
 18855
 14258
 5371
 15938
 18780
 16225
 4805
 13251
 2356
 9969
 2625
 17495
 3438
 12968
 19385
 4284
 11350
 19523
 17947
 142
 12312
 4551
 18255
 17754
 19253
 14790
 5672
 18568
 6726
 2171
 1399
 7918
 271
 12277
 13501
 19069
 18678
 5133
 19817
 4064
 13313
 19214
 14709
 9571
 12038
 7159
 9805
 17399
 693
 18878
 7696
 14764
 9181
 18367
 3817
 147
 17623
 12414
 820
 13243
 1548
 3570
 13055
 531
 4765
 2152
 7113
 5410
 15827
 18322
 1991
 16552
 14662
 2629
 17573
 3566
 9397
 15617
 2856
 2348
 6879
 10681
 7571
 18481
 12317
 10874
 17682
 1089
 8206
 14366
 15528
 19823
 11229
 1174
 15508
 222
 134
 2140
 18501
 4827
 9074
 6211
 11615
 5260
 10128
 14392
 13900
 13848
 1181
 7663
 11995
 10409
 1178
 7878
 7617
 4021
 10084
 8488
 6341
 9451
 18190
 10473
 10161
 19025
 16742
 7836
 3443
 981
 1967
 13337
 9195
 2343
 10631
 17783
 1574
 11365
 10054
 2640
 15163
 3427
 13010
 7394
 10097
 5602
 5362
 12579
 3473
 7000
 5199
 1182
 4874
 1374
 496
 5929
 15597
 10624
 2017
 10602
 15159
 7680
 19530
 17415
 17725
 7806
 12472
 1937
 6100
 7902
 14940
 5053
 10676
 7266
 13068
 18405
 10181
 16654
 17134
 9647
 6617
 4901
 4525
 4757
 5765
 15823
 6528
 2689
 16972
 3875
 13279
 16395
 18314
 17551
 10454
 2347
 7194
 17266
 16734
 12780
 5561
 4169
 15620
 8304
 13595
 832
 7795
 7723
 18911
 70
 9222
 3761
 3359
 10749
 14284
 4997
 10492
 5490
 9697
 4116
 12522
 3066
 17392
 13911
 16516
 5251
 12359
 5750
 17409
 3594
 5647
 5879
 5383
 10421
 14169
 17992
 6283
 13525
 2960
 16989
 11378
 9941
 15896
